2252 3
1819 0.234742 -0.233896 -1.005959
1029 0.437932 -0.401613 -0.943558
1800 -0.514323 0.045403 -1.210711
282 0.140344 0.222706 -1.265366
1803 -0.463966 -0.219647 -1.066301
406 0.238107 -0.028784 -1.104465
938 0.472465 -0.132604 -1.048754
1046 0.212443 -0.005512 -1.103131
194 -0.064350 0.501794 -1.489936
847 0.323464 -0.579497 -0.867739
302 -0.192139 0.015658 -1.152275
1066 0.677114 -0.509036 -0.921946
1475 0.534014 0.130360 -1.210524
723 -0.550492 0.017801 -1.203078
1323 0.388209 -0.015927 -1.116966
610 -0.142952 -0.278399 -0.982340
699 0.529315 0.332911 -1.320735
924 0.151144 -0.124171 -1.053799
130 0.129787 0.504358 -1.458638
221 -0.363024 0.052665 -1.196726
281 0.109976 -0.090013 -1.076087
552 0.098362 -0.116838 -1.063148
579 0.398861 0.928948 -1.801988
848 0.297371 -0.458575 -0.908306
2044 0.668950 0.061437 -1.185148
2076 -0.144228 -2.443814 -0.912686
1006 0.044828 0.198396 -1.260937
923 0.274439 0.328302 -1.325887
1409 -0.578068 -0.350927 -1.026943
643 0.774308 -0.639686 -0.823399
132 0.136413 0.853867 -1.722118
1707 0.548454 -0.743948 -0.823979
1387 -0.035156 -2.440939 -0.895786
486 -0.107287 -0.275011 -0.961579
75 0.569256 -0.553347 -0.859946
1230 0.412707 -0.141381 -1.058350
844 0.310997 -0.579050 -0.861446
479 0.271210 -0.125482 -1.049868
2106 0.297268 -0.212079 -1.008366
352 -0.615939 -0.293458 -1.057876
528 -0.733894 -0.402831 -1.042946
353 0.355166 -0.641894 -0.852870
1154 0.058170 0.176023 -1.229145
2208 0.516964 -0.656398 -0.849173
344 0.584758 0.274704 -1.317334
1366 -0.452727 -0.296293 -1.032887
607 0.884065 -0.543955 -0.914907
2102 0.502207 -0.434036 -0.937986
737 0.946358 -0.329490 -1.013700
741 0.302492 0.485973 -1.466943
2070 1.044081 -0.478790 -0.974556
865 -0.157536 -0.629290 -0.861537
316 0.286087 0.454908 -1.415602
1009 0.072887 -0.065305 -1.104809
1312 0.657638 -0.478530 -0.919604
1461 0.566527 -0.397372 -0.963533
1570 0.245246 0.370908 -1.372560
1033 0.174898 0.078928 -1.156611
1555 0.515888 0.001365 -1.138779
2093 0.497675 0.204804 -1.250210
1100 0.262663 0.402448 -1.389091
417 0.756850 -0.358516 -0.972053
1939 -0.703002 0.031192 -1.250138
969 0.593503 -0.611944 -0.873828
1394 -0.247868 0.236323 -1.293258
1015 0.167535 0.623704 -1.565312
2013 0.351199 0.467254 -1.440580
576 0.920867 -0.532488 -0.935274
2091 0.078827 0.548853 -1.515386
1493 0.401772 -0.083130 -1.088430
1963 0.641542 -0.543329 -0.913072
1370 -0.078190 -0.217659 -1.012359
979 -0.544136 -0.208467 -1.083228
656 0.201825 -0.194663 -1.012112
1996 0.533852 -0.633174 -0.866046
1073 0.829739 -0.410904 -0.971870
1241 0.277053 -0.071465 -1.069341
77 0.221697 0.298638 -1.296792
1903 0.364902 -0.526109 -0.901679
2248 -0.011623 -0.148440 -1.052483
418 0.252136 0.105938 -1.195604
2120 0.192543 0.479864 -1.442825
992 -0.476457 -0.314618 -1.024722
220 0.746160 -0.498843 -0.922842
1276 0.021090 -2.403792 -0.870040
2155 -0.536442 -0.197161 -1.084154
94 0.488797 0.072569 -1.168318
1608 0.275900 0.074212 -1.175195
1975 0.337260 0.521572 -1.479852
332 0.343518 0.168591 -1.211507
8 0.333542 0.459395 -1.440328
223 0.303646 -0.473695 -0.908382
1432 0.837285 -0.489024 -0.937337
2250 0.317522 -0.545940 -0.887904
1137 -0.087936 0.455239 -1.443716
920 0.322959 0.018996 -1.145452
1995 0.051419 0.753828 -1.673343
806 0.438103 -0.301641 -0.981945
1484 0.516492 -0.560250 -0.891540
1212 0.450928 0.049417 -1.165357
960 0.109787 0.322150 -1.329907
1487 0.123526 0.312454 -1.327702
2136 -0.105445 0.403537 -1.413308
1867 0.693906 -0.421277 -0.949700
26 -0.475984 -0.172410 -1.089854
1284 0.360046 0.643795 -1.575521
419 -0.171219 0.355761 -1.364036
1722 0.279465 -0.068508 -1.079892
873 0.464207 0.229234 -1.264317
705 0.678033 -0.644471 -0.889100
647 -0.722218 -0.312856 -1.073173
953 -0.436663 0.020592 -1.173984
783 -0.883410 -0.256404 -1.127707
869 -1.038868 -0.191621 -1.214564
1810 0.705539 -0.580673 -0.902051
839 -0.697383 -0.325618 -1.068992
186 0.019849 0.101569 -1.182796
773 0.110556 0.283253 -1.311617
1663 -1.002978 -0.254546 -1.162820
2101 0.167007 0.373405 -1.347812
478 -0.112328 -0.338830 -0.968277
1500 -0.812679 -0.408234 -1.059867
826 -0.462938 -0.024274 -1.172180
10 0.042539 0.033196 -1.146760
2066 0.798719 -0.363161 -0.990556
1278 0.352694 0.003059 -1.136728
1970 -0.903805 -0.388775 -1.064825
1331 -0.068703 -2.679152 -0.970301
1103 -0.328335 0.040373 -1.187248
2112 -0.033351 0.430882 -1.426511
1876 0.797825 -0.480016 -0.915852
309 -0.355656 0.433115 -1.454131
954 0.180570 0.300419 -1.321749
1950 0.671906 -0.376189 -0.962987
1879 -0.118289 -0.211189 -1.022824
1644 0.258118 -0.585384 -0.856922
1754 0.621254 -0.640788 -0.860021
1740 -0.059825 0.585521 -1.526897
1884 0.709946 -0.550072 -0.921034
1769 -0.187877 -0.477203 -0.921237
476 0.499584 -0.512421 -0.908546
362 -0.438022 0.796626 -1.763968
1629 0.108442 0.400739 -1.382974
405 -0.087545 0.492745 -1.477262
64 0.190161 0.619309 -1.585943
1860 0.035220 -0.096340 -1.047085
500 0.312033 0.141682 -1.222733
1597 0.376474 -0.193958 -1.012429
1756 0.510599 -0.606970 -0.843285
1359 0.352886 -0.213935 -0.984926
1430 -0.212969 -0.204654 -1.037060
905 0.041960 -0.022060 -1.116998
6 -0.050682 -0.114438 -1.070816
2199 0.614085 -0.409876 -0.952999
1674 0.342908 -0.629301 -0.854784
1648 0.109471 -0.139927 -1.036256
1721 1.039272 -0.567934 -0.931007
2191 -0.249291 0.352775 -1.397862
880 -0.059359 -0.133969 -1.064055
1742 -0.340301 0.192179 -1.296459
2007 -0.669754 -0.297554 -1.065061
832 0.734648 -0.397747 -0.959565
1133 -0.337284 0.184889 -1.265015
1510 -0.048249 -2.447180 -0.899175
1976 -0.225584 -0.131255 -1.085977
374 0.345033 -0.569367 -0.886720
1784 0.096208 0.573743 -1.528652
517 -0.191767 0.031466 -1.176690
1854 -0.522466 -0.371300 -1.020089
286 0.632915 0.101490 -1.199618
48 0.090415 -0.132525 -1.044682
1444 0.014347 0.068286 -1.178420
292 -0.185562 -2.461852 -0.908495
569 0.609758 -0.438376 -0.944731
1341 -0.504073 -0.351175 -1.012127
1834 -0.250046 -2.485656 -0.914346
1271 -0.874619 -0.222232 -1.153966
825 0.042526 -0.566446 -0.882684
114 0.562100 -0.429616 -0.926092
1909 0.207991 -0.531900 -0.822519
1657 0.132937 -0.554036 -0.881269
646 0.487728 -0.513203 -0.913173
1291 0.854152 -0.530529 -0.934830
1904 0.055897 -0.185053 -1.019942
556 -0.009390 -0.594307 -0.878316
1174 -0.384061 -0.264597 -1.037186
1639 -1.101242 -0.300193 -1.180995
622 0.433227 -0.641681 -0.857044
935 -0.624992 -0.312489 -1.053310
1426 0.491422 -0.443768 -0.933589
2043 -0.084520 -0.631174 -0.861464
1240 0.649072 -0.670255 -0.876559
712 0.597509 -0.526805 -0.907609
1460 -0.432054 -0.188261 -1.097127
519 -0.558295 -2.000151 -0.846450
780 0.605379 -0.374023 -0.962790
2073 0.559187 -0.733643 -0.806052
2237 0.064074 0.000315 -1.147147
894 0.411630 0.004125 -1.131190
818 0.579789 -0.554362 -0.894637
1054 0.905355 -0.668662 -0.889060
1395 -0.878793 0.091909 -1.318732
1422 0.653387 -0.101545 -1.096210
1838 0.916323 -0.462009 -0.958103
424 -0.528625 -0.038100 -1.177065
65 0.658351 -0.505315 -0.904663
1371 0.795365 -0.467017 -0.914641
1490 0.073380 0.462833 -1.447413
472 0.296810 -0.117051 -1.072032
90 -0.393330 0.289945 -1.356776
253 0.230086 0.403820 -1.384047
1635 -0.303560 -0.494022 -0.938641
155 -1.032301 -0.168021 -1.230735
313 0.274976 -0.233378 -0.980796
2177 0.166723 -0.098521 -1.074582
746 -0.616917 0.065218 -1.253096
12 -1.091081 -0.353973 -1.143787
377 0.726623 0.111732 -1.238059
1414 -0.116751 0.228363 -1.285638
1347 -0.279512 0.313553 -1.344828
1912 0.456720 0.056176 -1.177889
160 0.260976 0.460622 -1.449425
1030 0.635092 -0.460419 -0.909527
1062 0.632409 -0.529196 -0.914528
795 0.568467 0.050169 -1.174316
811 0.114123 0.078615 -1.155983
1527 -0.787789 -0.066177 -1.228435
1670 0.085539 0.364008 -1.372535
1890 -0.381333 0.489200 -1.508577
1796 -0.063846 -0.081216 -1.096730
1235 0.244185 0.671116 -1.599628
1222 -0.166562 0.574476 -1.557649
1316 0.026657 -2.744537 -0.989560
229 0.406381 0.019845 -1.146367
1119 0.648283 -0.438525 -0.932994
1415 0.218066 0.528914 -1.488400
594 0.281933 -0.003953 -1.143697
1773 0.596616 -0.301778 -1.016466
702 0.015622 0.491223 -1.468294
4 0.646108 -0.413506 -0.946597
1335 0.793466 -0.600523 -0.914762
633 -0.685347 -0.259452 -1.095828
2037 0.745005 -0.567534 -0.912328
812 0.765261 -0.445222 -0.944597
189 -0.478118 0.477893 -1.506576
1760 -0.080345 0.331825 -1.363710
1775 0.337003 0.508909 -1.459822
203 1.001519 -0.478192 -0.977597
947 0.118240 0.323457 -1.316104
852 0.027418 -0.568096 -0.891089
61 -0.849373 -0.344734 -1.104967
1631 -0.331080 0.159577 -1.273626
1034 -0.077314 -2.556106 -0.943008
1451 0.019848 0.273105 -1.299499
514 0.209246 0.228043 -1.256250
1806 0.847611 -0.543685 -0.924561
1513 0.227845 -0.617036 -0.872405
1474 0.669566 -0.408303 -0.947134
84 0.492217 -0.503971 -0.911909
625 0.471003 -0.777523 -0.810432
1851 0.030236 0.489584 -1.473331
1893 -0.094139 0.188646 -1.246534
801 -0.500818 -0.264780 -1.063656
1929 -0.738642 -0.218620 -1.117045
267 1.000714 -0.636993 -0.913258
1924 -0.010931 -0.590071 -0.881446
665 0.140341 -0.503602 -0.909102
370 -1.043565 -0.205603 -1.203205
1376 0.181774 0.336688 -1.349936
937 0.804175 -0.419852 -0.956175
305 -0.449180 -0.133195 -1.104708
1374 -0.092971 -2.168771 -0.846435
1795 0.094114 0.546619 -1.506664
320 -0.258435 0.283437 -1.320211
197 -0.800522 -0.095513 -1.198792
603 0.355817 -0.038020 -1.120050
280 0.580624 0.061955 -1.175091
1814 0.500717 -0.708729 -0.789804
1333 0.415631 0.072510 -1.178389
297 -0.127185 -0.615086 -0.876513
1508 -0.469549 0.169610 -1.302513
1614 0.588857 0.138969 -1.217021
1410 0.343407 0.041032 -1.152370
1111 0.888476 -0.584860 -0.920659
1071 -1.053755 -0.338587 -1.146591
1437 0.779430 -0.624381 -0.896969
76 0.086896 0.205825 -1.240532
1617 0.318454 -0.178971 -1.031741
364 0.295033 -0.627232 -0.862473
1477 -0.139099 0.144208 -1.214800
1818 -0.635586 0.109874 -1.281569
895 0.010787 -0.070796 -1.101397
1089 0.826034 -0.435340 -0.966512
720 0.668141 0.081433 -1.199909
460 0.093325 0.781232 -1.694611
1797 0.255080 0.533441 -1.487033
627 -0.134162 0.018969 -1.155573
2188 0.339769 -0.004286 -1.130529
2232 -1.031101 -0.486674 -1.086116
492 -0.004387 -2.552940 -0.931034
87 0.975185 -0.511811 -0.958782
1187 -1.131141 -0.320440 -1.186775
2170 0.306547 -0.539805 -0.901032
1568 0.607326 -0.757906 -0.830036
608 -0.843668 -0.206377 -1.169109
124 0.284525 -0.011733 -1.123246
384 0.550433 0.062806 -1.169909
1313 0.418234 -0.019978 -1.122144
765 -0.787570 -0.189457 -1.133765
1673 -0.017048 -2.231223 -0.865605
1655 0.575211 -0.662620 -0.860561
1019 -0.079337 0.384506 -1.398859
1577 -1.104896 -0.221837 -1.215375
1464 0.191973 -0.171187 -1.034867
16 0.913916 -0.654728 -0.853273
1839 0.307455 -0.130732 -1.056352
1850 -0.098402 0.264378 -1.319289
1299 0.450766 -0.548718 -0.895954
237 0.288297 0.188576 -1.248636
1377 1.225573 -0.522654 -0.985795
2129 0.098228 -0.320350 -0.955080
1804 -0.042893 0.036195 -1.154012
2011 0.244739 -0.189576 -1.038113
609 -0.598781 -0.267815 -1.078871
1435 0.380616 -0.212345 -1.001508
1173 0.135987 -0.176915 -1.036563
1731 0.685436 -0.698915 -0.880498
36 0.082424 -0.556615 -0.877534
2233 0.646293 0.152885 -1.241493
273 -0.311259 0.221593 -1.291112
918 0.154699 0.087980 -1.182363
481 0.456198 -0.199615 -0.985878
1005 -1.045031 -0.009673 -1.302161
1000 0.309701 0.249905 -1.285573
778 -0.400925 -0.276076 -1.029677
213 0.816772 -0.499441 -0.945034
2167 0.047177 0.422146 -1.422310
1647 0.517355 0.183733 -1.259566
984 0.380283 0.175269 -1.229305
1160 -1.130228 -0.031351 -1.324527
97 0.191535 0.101955 -1.175669
1492 0.188871 -1.705538 -0.728128
776 -0.700213 -0.380082 -1.044922
217 0.227464 0.245932 -1.274056
1356 0.770826 -0.480607 -0.932108
1244 0.546119 -0.610272 -0.878784
1724 0.010251 -0.640330 -0.862883
1948 0.501887 -0.653069 -0.863387
1864 0.754518 -0.304144 -1.011485
1169 0.104934 0.200818 -1.252228
1789 -0.652984 0.191945 -1.329766
1281 -0.154603 0.124882 -1.223560
1412 0.421271 -2.345780 -0.833728
872 0.050288 0.359693 -1.357941
333 0.221668 -0.627761 -0.872064
1712 -0.325288 -0.034867 -1.148393
1949 -0.473188 -0.350522 -1.010359
1220 0.012162 0.026470 -1.136300
285 0.075244 -0.467094 -0.912000
1941 0.468679 -0.531687 -0.894808
1585 -0.665367 -0.067450 -1.182458
1613 0.582781 -0.536169 -0.891567
326 0.419615 -0.362394 -0.957692
1680 -0.315669 -0.507708 -0.932726
1489 0.765613 -0.428576 -0.939295
1693 0.324660 0.269976 -1.304318
2192 0.637126 -0.569393 -0.909756
123 0.398561 -0.363166 -0.958138
2185 -1.113527 -0.406419 -1.140597
1227 0.215649 0.208046 -1.266977
25 0.756455 -0.608983 -0.904277
1420 -0.870273 -0.356867 -1.103654
399 0.063653 0.213107 -1.261276
2141 -0.062544 -0.030111 -1.123859
34 -0.675224 -0.326040 -1.052164
410 -0.038413 -0.128942 -1.056498
1322 -0.839453 -0.452330 -1.033395
1305 0.054386 0.386215 -1.386774
1539 0.691325 -0.432654 -0.945993
2173 0.841222 -0.728804 -0.851612
1261 0.633218 -0.628716 -0.859101
753 -0.178996 -2.253280 -0.862104
2235 0.737282 -0.584699 -0.904499
1350 0.320378 0.418857 -1.398137
1931 -0.263663 -0.085041 -1.095741
771 0.289137 -0.023120 -1.117622
1723 0.006370 0.578277 -1.528133
990 -0.839006 -0.138263 -1.180216
249 0.768805 -0.546691 -0.907043
2197 0.648262 0.398756 -1.385442
339 0.148704 0.259428 -1.286693
1511 -0.083293 0.040434 -1.169098
1059 0.717266 -0.502255 -0.910785
1365 0.483511 -0.110081 -1.081261
1686 -0.098099 -2.495971 -0.918779
1249 -0.114411 -0.317367 -0.964625
2204 1.115345 -0.380452 -1.033856
1385 0.633291 -0.406418 -0.964903
1424 -0.207800 -2.557659 -0.938915
262 0.592802 -0.118963 -1.085032
1246 -0.624982 -0.246118 -1.095032
50 -0.451534 -0.001252 -1.164893
1008 1.007014 -0.550165 -0.945826
1225 -0.076614 0.141706 -1.227042
553 0.675808 -0.549295 -0.885363
1935 0.062925 -0.035928 -1.113490
890 0.625897 -0.581265 -0.863247
729 0.200808 0.055043 -1.151818
785 0.429047 0.001144 -1.144904
1733 0.632534 0.076875 -1.195983
2234 0.113394 -0.215267 -1.011527
425 0.264545 0.460526 -1.460310
942 0.361760 0.122164 -1.163912
525 0.242718 0.584225 -1.541832
794 0.355942 0.007227 -1.147926
831 0.964477 -0.274670 -1.024731
1802 -0.874452 0.139251 -1.359416
1580 -0.070758 0.099390 -1.192881
1236 0.557881 -0.071853 -1.100034
397 1.041637 -0.550398 -0.936503
2190 0.204593 0.850236 -1.765616
1360 -0.750915 0.551133 -1.648088
1283 -0.928259 -0.391319 -1.095725
645 0.735279 -0.045732 -1.131567
2183 -0.357047 -0.195505 -1.097060
2086 0.183970 0.334013 -1.338982
2084 -0.899600 -0.158637 -1.178172
1226 0.030864 0.353112 -1.349077
1908 -0.275966 -2.453321 -0.914874
1407 0.337858 0.247171 -1.277723
1290 0.536787 -0.625511 -0.870643
474 0.417074 0.121951 -1.213437
1084 0.768659 -0.692726 -0.870638
1223 -0.203985 -0.663155 -0.863736
787 0.287466 0.235801 -1.268074
875 -0.326636 -2.558866 -0.971749
1960 0.692170 -0.600491 -0.893386
1056 0.477248 0.230195 -1.274501
1911 0.390012 0.394951 -1.363519
2027 0.171626 -0.173877 -1.042806
2143 -0.855787 0.282246 -1.448464
1567 -0.085919 -0.691568 -0.863078
208 0.091342 -0.223930 -1.020066
2052 -0.004811 0.027940 -1.152491
1669 -0.094962 -2.267797 -0.862125
1164 -1.335932 -0.280861 -1.252099
1289 -0.891191 -0.324835 -1.122779
1247 0.577727 0.114699 -1.196033
700 0.673577 -0.468016 -0.917155
1659 0.122860 0.097056 -1.184240
1081 -0.616705 0.361659 -1.443101
2021 -1.091612 -0.384561 -1.123693
1783 -0.643832 -0.176627 -1.120814
1604 0.021444 0.135770 -1.218389
1411 -0.015625 -0.534773 -0.877287
2041 -0.102760 -0.609488 -0.882740
129 1.158719 -0.156936 -1.128227
431 -0.037312 -0.073831 -1.106282
1010 -0.268498 0.144755 -1.243715
1275 -0.678377 -0.164190 -1.124332
1978 -0.358900 -0.769253 -0.853087
504 0.674780 0.160856 -1.232442
83 0.952029 -0.703152 -0.887951
2187 0.655933 -0.486179 -0.900520
1933 -0.583988 -0.090171 -1.154778
331 1.109053 -0.501135 -0.943204
1642 0.683750 0.184235 -1.252197
1455 0.245072 0.611564 -1.558697
198 -0.222209 -0.671598 -0.864138
312 0.317516 -0.508055 -0.909606
1383 0.284296 0.290167 -1.313261
1701 0.043108 0.382817 -1.362749
1583 -0.172896 -2.383042 -0.894747
843 -0.869071 -0.341909 -1.089028
47 0.024307 -2.487318 -0.879082
2202 0.491110 -0.315585 -0.985761
1065 0.194639 0.107186 -1.185723
1400 -0.592240 0.062955 -1.238415
2010 0.017009 -0.366497 -0.954840
1621 -0.196575 -2.349136 -0.903178
1702 -0.103244 -0.627126 -0.872399
1590 0.381853 0.294777 -1.315462
2100 -0.304887 0.301077 -1.349768
505 -0.113420 0.019104 -1.162108
1125 0.443237 -0.239793 -0.985231
1833 -0.736829 -0.313070 -1.094860
54 0.274125 -0.579146 -0.872244
2147 -0.978610 -0.190680 -1.190355
1885 0.006230 -2.284214 -0.831404
706 0.226722 0.648013 -1.573694
631 0.302726 -0.604328 -0.857562
2117 -0.662433 0.399148 -1.487387
987 -0.289267 0.308122 -1.368814
1974 -0.101473 -2.290282 -0.844863
684 0.217431 -0.005605 -1.131798
522 0.623720 0.067336 -1.180880
149 0.625471 -0.383882 -0.921716
257 0.658371 -0.451915 -0.950597
536 0.053050 0.317268 -1.332894
587 -0.074068 0.471537 -1.463770
1989 -0.606344 0.149286 -1.305569
429 0.404294 0.067721 -1.164609
912 -0.404465 -2.218871 -0.897492
624 0.288690 0.102959 -1.194636
291 -0.274302 0.304214 -1.364461
1354 0.898557 -0.607190 -0.893101
1705 -0.381253 -0.001215 -1.160258
165 -0.048797 -0.137973 -1.067794
1330 -0.582608 0.275377 -1.388760
441 0.263993 0.890400 -1.770745
41 0.536396 -0.698330 -0.849072
1841 -1.063553 -0.223758 -1.183841
1157 -0.331568 -2.464726 -0.927562
734 -0.416901 0.023030 -1.191549
1706 -0.067968 0.263063 -1.314285
117 -0.673751 -0.154043 -1.130308
1373 0.091757 0.534392 -1.476861
1310 -0.191632 0.417461 -1.447582
2109 0.260586 0.049230 -1.159568
731 -0.436234 0.069973 -1.221563
696 0.204444 -0.333088 -0.953097
1594 0.638102 -0.657115 -0.854561
183 0.391796 -0.507741 -0.908955
1163 0.110625 -2.411919 -0.856662
1392 0.296473 0.010469 -1.144844
1494 0.074538 0.225833 -1.267862
1155 0.861242 -0.441266 -0.943290
1917 0.813954 -0.651496 -0.891832
1956 0.721732 -0.741485 -0.839026
1689 0.363483 0.533030 -1.481955
300 -0.699131 0.268434 -1.409767
1357 0.497953 -0.220091 -0.984531
1691 0.377107 -0.601747 -0.869386
1200 -0.265859 -0.746793 -0.823921
1044 0.196546 0.338013 -1.344528
565 -0.725348 -0.453819 -1.001796
1932 -0.597151 -0.223055 -1.058865
328 -0.669892 -0.446201 -1.005426
116 0.386615 0.396244 -1.377086
2048 -0.275631 0.540288 -1.529981
1595 0.090627 0.762185 -1.689729
1343 0.724012 -0.369736 -0.960544
510 0.701266 0.746014 -1.687027
1433 -0.209764 0.561658 -1.536890
350 0.314698 -0.631374 -0.867210
1386 0.932586 0.045468 -1.190688
2053 0.869327 -0.322231 -1.011772
1075 -0.361437 0.182051 -1.277178
511 0.004132 0.141386 -1.213472
1107 1.114561 -0.542007 -0.954605
62 -0.633043 -0.343065 -1.047054
1398 0.726021 0.263137 -1.315854
14 -0.896606 0.042691 -1.300192
740 -0.084109 0.406809 -1.406891
176 0.468399 -0.532199 -0.908949
1807 -1.128610 -0.388657 -1.158990
976 0.559705 0.333959 -1.360531
103 0.409085 -0.334560 -0.970609
509 -0.279043 -2.407308 -0.900356
246 0.695320 -0.319456 -0.994002
202 1.178366 -0.255623 -1.091392
1449 -0.231625 -0.641767 -0.879304
2163 0.557981 0.104290 -1.192510
301 0.561568 -0.643359 -0.872581
294 -0.020717 0.043512 -1.140002
1762 0.943093 -0.594623 -0.921062
2162 1.024951 -0.453374 -0.969148
900 0.471631 -0.028720 -1.130698
1696 0.338461 -0.146237 -1.053010
1251 -1.009440 0.019706 -1.305017
327 0.116912 0.334672 -1.336893
2126 -1.099324 -0.188592 -1.230850
1263 -0.683966 -0.554843 -0.958131
402 -0.706617 -0.416740 -1.009864
567 0.180050 -0.122059 -1.062056
861 1.137581 -0.503146 -0.976494
1195 -0.482476 -0.026818 -1.159165
1218 -0.612293 0.312624 -1.409462
682 0.589528 -0.711000 -0.834193
620 0.910406 -0.437965 -0.979420
1379 0.395442 0.184408 -1.239688
919 0.442653 -0.311944 -0.985313
1038 0.633662 -0.496044 -0.938563
104 -0.065504 -2.315207 -0.883291
1104 0.509275 -0.596504 -0.843065
1439 -1.150165 0.053561 -1.378714
1905 0.731671 -0.364961 -0.969632
1791 -0.494300 0.236681 -1.310338
1158 0.429350 -0.653269 -0.865488
1688 -0.129276 -2.400176 -0.880393
1961 0.088650 0.371838 -1.365559
545 0.232603 0.259126 -1.296277
207 0.316434 0.227903 -1.272300
963 -0.289653 -0.547360 -0.916799
1633 0.449569 0.064606 -1.179197
1384 -0.804883 -0.488738 -1.017186
560 0.238266 0.717497 -1.629214
1063 0.353107 0.315541 -1.323448
1563 -1.032686 -0.330097 -1.148763
1610 -1.233591 -0.246513 -1.229648
1710 0.448980 0.081965 -1.183566
512 -1.117595 0.049179 -1.376361
1646 0.193662 -0.456049 -0.907913
455 0.856990 -0.495886 -0.947199
542 0.597191 0.309222 -1.344735
769 -0.703443 -0.372584 -1.042137
950 -0.346203 -2.436132 -0.923547
56 0.779606 0.216889 -1.283701
2088 1.001969 -0.567351 -0.920806
1180 0.402383 -0.150749 -1.048272
907 -1.242538 -0.188491 -1.294007
1798 0.714511 -0.780265 -0.818461
580 0.017147 -0.492224 -0.897121
541 0.463290 -0.571510 -0.872942
915 0.250942 -0.141800 -1.050078
215 0.666108 -0.584176 -0.907931
38 0.267999 -0.324176 -0.971430
1469 -0.826809 -0.425287 -1.054281
663 -0.295678 0.156558 -1.244201
711 0.225624 0.389670 -1.377334
308 0.120551 -0.511379 -0.904111
1270 0.119964 -0.122340 -1.063563
1983 0.342935 0.334802 -1.356395
653 0.285832 -0.501197 -0.894492
1533 0.439822 -0.146768 -1.056944
381 0.848598 -0.619381 -0.901807
736 0.447708 -0.484702 -0.874698
1672 1.374509 -0.567700 -0.989100
1559 0.778172 -0.676001 -0.885080
1849 0.649859 -0.611058 -0.893785
887 0.327378 0.815877 -1.711357
1886 0.128904 0.586861 -1.533382
2038 0.669478 -0.488205 -0.924898
550 0.093734 -2.541993 -0.921806
2179 0.073206 -0.031742 -1.105791
2032 -0.777102 0.837892 -1.867743
1097 0.023074 -0.625751 -0.865337
1964 -1.034275 -0.439809 -1.087375
1106 -0.860242 0.166393 -1.363464
7 0.706421 0.020619 -1.168061
2150 0.574011 -0.120388 -1.084874
1308 0.126080 -0.109764 -1.037999
951 -0.557966 -0.652510 -0.916110
2218 0.215282 0.644132 -1.567740
1801 0.163742 -0.296648 -0.973532
575 -0.898372 -0.376308 -1.107650
596 0.832192 -0.528241 -0.942683
1147 0.252265 -0.230490 -1.010234
1445 0.730902 -0.736553 -0.841407
978 -0.382758 -2.422569 -0.912214
669 -0.354629 0.042163 -1.194794
173 0.980994 -0.549513 -0.949460
755 -0.716390 -0.396065 -1.033477
738 0.370390 -0.179676 -1.031486
1280 -0.185943 -0.730233 -0.853287
1142 0.117933 -0.709025 -0.832418
430 -0.345689 0.359757 -1.381191
238 -0.398755 -0.303086 -1.015211
2196 0.076794 0.237434 -1.288672
732 -1.099099 -0.275612 -1.196352
2024 1.018843 -0.370337 -1.005052
1788 0.235106 0.125662 -1.204788
1148 -0.298311 -2.436555 -0.937666
1086 -0.929681 -0.166150 -1.212773
642 -0.090952 0.186109 -1.224793
835 -0.438146 0.221705 -1.337245
1654 0.211101 0.409564 -1.403059
1293 -0.756666 -0.415159 -1.032398
1626 0.542583 -0.650834 -0.861436
1498 -0.242585 -0.518761 -0.886986
1652 0.408516 0.458668 -1.417951
539 -0.416674 0.446027 -1.462584
1425 0.130141 -0.120677 -1.065307
391 0.379580 0.011070 -1.133493
1714 -0.696655 -0.426456 -1.022036
495 -0.379152 -2.465981 -0.910458
1882 0.159196 0.227505 -1.288124
1770 0.146005 0.620004 -1.554876
1382 0.035962 -2.385285 -0.852733
1067 -0.882873 0.126412 -1.344993
581 -0.550358 -0.524533 -0.954212
166 -0.715559 -0.280833 -1.059315
1507 1.125679 -0.430464 -1.012535
996 -0.130509 1.044531 -1.924732
1837 -1.134878 -0.241406 -1.200025
1918 0.690900 -0.379431 -0.951976
1540 -0.292609 -2.522100 -0.931183
2036 0.035987 0.431831 -1.408214
586 0.205538 -0.089364 -1.084835
368 0.352241 0.319761 -1.325697
1176 0.920685 -0.523955 -0.942771
422 0.020261 0.597223 -1.546806
225 0.050885 0.089783 -1.189447
2171 -0.332168 -0.513595 -0.932960
889 1.040287 -0.456253 -0.981354
136 0.675190 -0.734034 -0.852620
893 0.045599 -0.514501 -0.911349
1505 0.782091 -0.374608 -0.974245
527 0.438407 -0.002060 -1.137594
78 0.404581 -0.053708 -1.101287
871 1.245650 -0.448032 -1.000768
1326 -0.631244 0.083371 -1.259453
68 -0.775064 -0.332409 -1.097886
913 -0.798600 -0.429694 -1.045025
71 0.117226 0.453573 -1.428220
874 1.195628 -0.749503 -0.924413
356 0.208085 0.385077 -1.371319
446 0.907743 -0.506194 -0.937210
55 1.162231 -0.487605 -0.972315
1179 0.439498 0.591967 -1.553783
551 -0.153510 -2.360372 -0.891405
179 -0.578832 -0.239596 -1.083445
965 0.046799 -1.741418 -0.727893
1913 -0.277787 -0.145969 -1.069592
128 -0.178212 -0.245324 -1.030056
250 -0.157757 -0.202336 -1.039833
961 0.514517 0.183487 -1.234230
2087 -0.063008 0.304321 -1.344910
1088 -0.788926 -0.400926 -1.034653
153 0.257435 0.644589 -1.577785
2071 -0.814454 -0.415454 -1.033287
1853 0.472502 0.184794 -1.247980
1178 -0.870036 0.263148 -1.435004
465 0.693228 -0.701172 -0.862364
1045 -0.170950 -2.316278 -0.857647
2009 0.530580 -0.165299 -1.063939
2251 1.219950 -0.415044 -1.046749
295 0.568018 0.051042 -1.182799
941 -0.084236 0.447701 -1.454308
1744 0.777250 0.185046 -1.274566
967 -1.025893 0.288626 -1.496216
599 1.153473 -0.517222 -0.968734
1512 0.643507 -0.502448 -0.929802
438 0.291081 -0.010121 -1.120606
1576 0.502592 0.157505 -1.241591
1891 -0.329845 -0.279108 -1.027602
2123 0.820835 -0.458059 -0.931169
1825 1.306577 -0.625689 -0.964453
1937 0.955288 -0.595389 -0.906151
1443 -0.249357 0.422654 -1.453257
521 -0.926458 0.060016 -1.341416
1499 0.570322 0.404780 -1.386657
1266 -0.092222 0.627856 -1.555900
269 0.033168 0.281961 -1.329033
2149 0.247440 0.489212 -1.446461
2004 0.540978 0.320675 -1.342445
503 0.454211 -0.567044 -0.894215
697 0.836795 -0.520052 -0.930362
1922 -0.009974 -2.173382 -0.829328
494 0.395906 0.578575 -1.536287
1129 -0.125802 0.233261 -1.272172
1431 0.636383 -0.629580 -0.886067
427 0.062837 -0.247464 -0.979003
1336 0.401495 0.564718 -1.506729
98 -0.721145 -0.472041 -1.001926
1900 0.337695 -0.712008 -0.853061
1352 -1.319177 -0.156275 -1.339602
1916 -0.448534 -2.018513 -0.834588
1792 -1.002897 -0.183840 -1.204160
2039 -0.920674 -0.296321 -1.108080
2026 -0.009350 0.301421 -1.333788
74 0.556165 -0.042812 -1.114800
372 0.212551 -0.676942 -0.848737
1053 0.421638 0.670382 -1.607610
1471 0.429705 -0.607612 -0.866016
151 0.181560 -0.308049 -0.978678
1048 0.154845 0.368533 -1.367548
1068 0.325535 -0.677089 -0.834333
274 0.230588 -2.305960 -0.838544
1267 -0.218788 0.080464 -1.203645
883 -0.133292 -0.209024 -1.031668
193 -0.246092 -0.198399 -1.051438
2033 -1.061610 0.614013 -1.764399
278 -0.241961 0.031074 -1.182040
2064 -0.780133 -0.503393 -0.994329
2238 1.315368 -0.389629 -1.084844
638 -0.075750 -2.756986 -0.971332
1766 1.044466 -0.273714 -1.046249
906 0.829217 -0.730035 -0.860668
1677 0.270110 -2.471400 -0.875723
145 -1.203242 -0.311424 -1.212269
1902 0.869385 -0.589766 -0.922233
1699 -0.102661 -2.604855 -0.946126
2195 -0.639219 -0.354610 -1.051476
2176 0.736357 0.142545 -1.240146
2119 0.309810 0.115178 -1.197631
1666 -0.075942 -0.719072 -0.840963
1813 -0.856577 -0.453993 -1.052783
1205 -0.258915 0.537174 -1.526768
487 -1.063527 -0.022566 -1.312881
983 -0.544595 -0.605736 -0.914828
1921 0.362788 0.499569 -1.474922
1043 0.230685 -0.194530 -1.030756
1828 0.346049 -0.066076 -1.089909
1453 -0.098286 -0.300516 -0.983989
1269 0.840648 -0.357670 -0.979578
2105 -0.250153 -0.106699 -1.103734
1239 -0.028410 0.451720 -1.432432
1986 0.476072 0.040940 -1.151616
437 -1.227249 -0.250692 -1.249756
617 0.287405 0.419186 -1.399718
957 0.779473 -0.009334 -1.120308
1362 0.143495 0.710794 -1.634170
272 0.220589 -2.372068 -0.865570
1020 0.575344 -0.029773 -1.133466
163 -1.014172 -0.197567 -1.201551
1925 -0.972658 -0.402978 -1.088964
948 -1.079902 -0.110785 -1.272643
1421 -0.214468 -0.161351 -1.058378
574 0.772225 -0.447739 -0.945304
258 0.488449 0.570663 -1.517452
878 -1.166224 0.295570 -1.564993
408 0.061909 -0.733679 -0.819044
2207 0.361204 0.464442 -1.440150
2067 0.650786 -0.574657 -0.899328
1967 -0.475694 0.419053 -1.475775
524 1.274824 -0.427660 -1.022321
679 0.315333 -0.547839 -0.906625
1747 0.386199 0.207303 -1.226942
678 -0.734895 -0.220086 -1.107790
222 0.323827 0.791348 -1.675780
2229 -0.236134 -2.518797 -0.955044
2138 0.337976 0.828571 -1.742316
1112 0.537515 0.013074 -1.150091
1746 0.323860 0.715523 -1.660402
1601 0.474854 0.346882 -1.356976
743 0.515581 -0.539393 -0.899751
1255 0.884041 -0.330400 -1.000062
1259 -0.795219 -0.426796 -1.046326
1058 0.735146 0.042038 -1.172082
673 0.007120 -2.401631 -0.890974
2132 -0.263606 -2.578273 -0.970428
414 0.161719 -0.484874 -0.914286
819 0.199235 -0.654082 -0.837884
497 -0.099039 -2.606780 -0.942107
1265 -0.166265 0.463013 -1.469602
1057 1.248024 -0.315151 -1.055101
2030 0.420188 0.832192 -1.750923
2148 0.416859 -0.145047 -1.051174
940 0.059565 -0.115368 -1.060873
2089 -0.980698 -0.440631 -1.099227
1253 0.657511 -0.547763 -0.899225
383 0.676167 -0.713104 -0.838555
2159 0.176195 0.214022 -1.266725
413 -0.523640 0.034318 -1.217838
1403 -1.246925 0.544559 -1.783035
1468 -0.052648 0.281659 -1.317910
507 -0.942543 -0.319620 -1.129932
1881 0.336736 -0.094164 -1.096779
11 -0.070895 -0.289538 -0.974843
649 0.921218 0.260308 -1.334349
2051 0.209195 -0.011592 -1.119272
2244 0.041987 -2.327648 -0.861234
1643 0.584238 -0.621765 -0.896434
244 0.751258 -0.340170 -1.009287
1229 -1.032662 0.006407 -1.299340
1082 -0.083618 -2.554259 -0.911790
1671 0.339141 0.554515 -1.502525
1592 -0.476872 0.069963 -1.224051
598 -0.232828 -2.262048 -0.876771
1337 -0.015797 0.405985 -1.398853
1264 0.401876 -2.382497 -0.846525
897 0.242924 0.557372 -1.497732
559 0.402728 0.153035 -1.207660
254 0.851188 -0.525266 -0.938923
1836 0.306441 0.334366 -1.315025
1355 0.657071 -0.328285 -1.005978
1856 0.745155 0.281311 -1.325268
44 -0.468378 0.059210 -1.239088
1136 0.030128 0.317521 -1.332103
21 0.299233 -1.832415 -0.759586
188 1.187076 -0.337960 -1.035626
299 0.315747 -0.072903 -1.083106
798 -1.102711 -0.222309 -1.223398
971 -0.014447 0.543498 -1.504429
2131 -0.594289 0.030410 -1.219594
1547 0.549423 -0.604102 -0.894448
1117 0.425159 -0.228768 -1.001516
922 0.685620 -0.484513 -0.936441
757 0.686913 0.537532 -1.485119
1565 0.889514 -0.549534 -0.915875
532 0.090956 0.063755 -1.191833
1427 -0.279926 0.247780 -1.317246
1286 0.070380 0.534803 -1.506260
1899 -0.321910 0.064061 -1.198440
1808 0.261111 0.006963 -1.074714
973 -0.895710 0.078024 -1.335509
1079 0.308206 -0.557985 -0.886615
1550 0.005251 0.758227 -1.691351
1748 0.676759 -0.515585 -0.915120
2019 0.137654 0.118324 -1.218490
1749 -0.624457 -0.219047 -1.098187
1143 0.281150 0.609229 -1.565472
1309 -0.222681 -0.074379 -1.106704
516 0.475350 0.195039 -1.251051
637 0.219873 0.351027 -1.358744
49 0.604783 0.230421 -1.286593
314 0.536358 -0.686901 -0.866842
411 -0.407507 -2.106792 -0.810585
1530 -0.185900 -2.411338 -0.903655
275 1.190172 -0.585963 -0.925350
1859 0.456070 -0.072744 -1.104721
493 -0.055218 -0.154267 -1.049417
1772 0.296266 0.009346 -1.130019
219 0.436470 0.491755 -1.444925
1396 0.278268 0.110551 -1.189688
1231 -1.226957 -0.312543 -1.195142
1319 0.416356 0.024640 -1.144116
1641 0.352889 0.136263 -1.214205
415 -0.121972 -0.299565 -0.969497
1895 1.412788 -0.389773 -1.069389
727 -1.057335 -0.209565 -1.205489
266 -0.457382 -0.130224 -1.095489
95 -0.250970 -2.604048 -0.933134
767 0.097219 0.003279 -1.146138
1375 -0.405270 -0.500941 -0.937963
662 0.918133 0.168316 -1.271069
1755 -0.114020 -0.457665 -0.916235
1132 -0.015945 -0.077122 -1.080383
886 0.843440 -0.337369 -0.985486
133 -0.188414 0.150739 -1.235126
531 0.084539 -0.589202 -0.881831
2097 -0.007699 -0.526067 -0.911725
1910 1.064029 -0.633385 -0.920824
1965 0.665643 0.449377 -1.418989
1541 0.133199 0.470428 -1.451791
473 0.831725 -0.539453 -0.913097
2240 -0.327362 -2.632058 -0.984225
716 -0.469519 -0.761650 -0.871587
469 0.080200 -0.095197 -1.087245
358 0.877188 -0.110690 -1.117373
400 0.194902 -0.651640 -0.859030
828 -0.404643 0.073350 -1.209760
988 -0.991214 0.536487 -1.668545
640 -0.249124 -2.632570 -0.952578
1295 0.316503 0.443104 -1.395935
1776 -0.061322 0.781244 -1.708871
606 0.273209 0.360042 -1.333261
1695 0.345042 0.450255 -1.427597
452 0.342686 0.735776 -1.674647
1318 -0.411153 -0.520372 -0.918167
228 -0.091353 -2.084279 -0.806746
1622 -0.194474 -2.240489 -0.872194
713 0.365445 0.052326 -1.167143
1166 -0.159172 -2.283641 -0.851804
1388 -0.372720 -0.287105 -1.008182
15 0.169596 -0.170045 -1.056644
451 -0.044719 -2.206553 -0.826197
395 1.152462 -0.423429 -1.011960
763 -0.854966 -0.129419 -1.185660
2023 -0.069321 -0.229655 -1.016047
1325 0.718137 -0.367605 -0.998322
1012 -0.131339 -2.736109 -0.991468
2133 0.356348 0.223518 -1.236802
259 0.472915 0.789555 -1.716015
1709 1.062091 -0.675883 -0.921839
1727 0.356642 0.294698 -1.332680
1842 -0.081017 -1.930342 -0.793350
1242 1.500975 -0.555629 -1.020647
1718 0.146147 -2.477533 -0.878928
1682 1.178658 -0.389244 -1.039928
1007 0.100867 -2.334851 -0.866008
1523 0.276757 0.285683 -1.313616
1566 0.053209 0.668944 -1.595833
386 0.372722 0.430803 -1.422363
672 0.653704 0.565649 -1.532429
1288 0.102210 -2.409826 -0.884645
157 -0.071286 -0.087464 -1.090419
2224 0.307195 0.250905 -1.289684
407 0.071205 0.383738 -1.397493
2122 -0.104038 0.212514 -1.276770
1966 0.121323 0.380714 -1.368746
340 -0.502755 -0.334911 -1.026234
814 0.267177 -1.871974 -0.738154
1896 -1.013757 -0.213321 -1.190272
1429 -0.575790 0.147639 -1.314332
1972 0.104800 -2.472170 -0.880524
1028 0.020053 0.584445 -1.555591
363 -0.101273 -2.051195 -0.818171
2090 0.568952 -2.245533 -4.644223
471 0.379198 -2.360337 -4.584410
1252 -0.030337 -2.385244 -0.883112
1021 0.107143 -0.653335 -0.850619
1627 -0.771552 0.455519 -1.569400
612 1.195897 -0.513904 -0.979264
35 -0.778494 0.258000 -1.396755
902 0.880707 -0.523067 -0.923148
284 0.227773 0.292200 -1.300633
981 0.356698 0.458685 -1.413148
815 -0.036336 -2.585978 -0.957230
744 -0.849714 -0.438080 -1.054678
1171 -0.334165 1.040066 -1.973579
1442 0.299244 0.137487 -1.213840
1892 0.066675 0.411235 -1.403291
1118 -0.163236 0.054159 -1.187909
334 0.063650 -0.046351 -1.092520
1645 0.158431 -2.631329 -0.952643
1745 0.310268 0.544517 -1.480073
1829 0.938926 -0.504112 -0.951887
1823 -0.331311 0.084541 -1.208948
1349 -0.713136 -0.459281 -0.969765
934 0.470501 -0.566178 -0.872900
1993 0.952906 -0.470199 -0.975770
2081 -0.312410 -0.204499 -1.068682
1077 -1.061308 -0.342053 -1.167484
31 0.957415 -0.664902 -0.922693
1472 0.927036 -0.573360 -0.915952
324 -0.343219 0.533533 -1.550531
786 -0.248190 0.056027 -1.189679
366 -0.369732 -0.685364 -0.871745
426 -0.123958 0.282621 -1.329625
2164 0.526264 -0.434305 -0.922527
1538 -0.599192 -0.025287 -1.191720
1612 0.331862 0.231409 -1.281728
1139 -0.682677 0.448929 -1.530002
687 -0.424715 0.730543 -1.707942
582 -0.412990 0.105292 -1.248785
2153 -0.755109 0.546300 -1.628510
22 -0.598926 0.434998 -1.493393
1130 -0.518454 -0.425526 -0.991522
70 0.562020 -0.014971 -1.110669
1328 0.869190 0.645053 -1.579399
2135 0.779709 -0.540271 -0.923629
2158 0.214557 0.303871 -1.333467
378 0.785116 -0.372647 -0.985116
1534 0.551905 -0.637018 -0.844677
2169 0.352187 -0.306276 -0.978539
1109 0.877519 -0.489543 -0.949872
1040 1.003572 -0.452036 -0.967297
1528 -0.441350 0.058011 -1.216701
39 -1.160414 -0.502461 -1.105369
867 0.174578 0.520864 -1.482474
577 0.394124 -0.084457 -1.068632
1871 0.876667 0.284798 -1.336068
2225 0.336939 -2.112357 -0.812248
2018 0.163537 -1.819318 -0.747919
461 1.393883 -0.585331 -1.009083
834 -0.189451 0.885348 -1.815750
488 0.340133 -0.132782 -1.048171
704 0.096018 -2.308355 -0.865332
2181 -1.256723 0.025595 -1.408905
63 -0.355634 -0.332759 -0.999316
231 0.683796 -0.405031 -0.959516
2092 0.953865 -0.471512 -0.974560
1483 -1.007535 -0.370446 -1.121384
1364 0.193218 0.463456 -1.447086
1221 0.584507 0.839036 -1.782088
573 -1.046081 0.340136 -1.555331
1606 0.636799 -0.693907 -0.869879
1196 -0.064107 -1.817869 -0.766281
1822 -0.316943 -2.435580 -0.900365
1094 0.844850 -0.372182 -0.971028
2193 0.142884 -0.037189 -1.104336
1764 0.256415 -0.625165 -0.856039
1938 -1.007937 -0.204818 -1.201766
1877 0.123272 0.714816 -1.636884
32 -0.183843 -2.580374 -0.986676
325 0.782912 0.173020 -1.274022
1189 0.679220 -0.343710 -0.981948
845 -1.160063 -0.211561 -1.242407
72 -0.573015 0.218117 -1.341412
30 0.907972 0.322800 -1.377367
2042 -0.728382 0.146594 -1.340286
142 1.367818 -0.572429 -1.013633
670 -1.160134 -0.297304 -1.200698
1339 -0.041288 0.860114 -1.767964
1334 -0.997194 -0.378379 -1.114801
2049 -0.278002 0.613882 -1.576604
538 -1.136892 -0.518933 -1.063893
2145 -0.250330 0.542454 -1.524835
1988 0.297339 -0.383799 -0.902377
348 -1.109540 0.698897 -1.882266
2082 0.570579 0.047605 -1.155985
1457 0.255176 -0.689051 -0.855459
99 1.157375 -0.234155 -1.089926
515 -1.100187 0.445463 -1.637221
1868 0.158346 0.116837 -1.185626
2110 0.407186 0.043028 -1.151352
777 -0.692406 -0.251091 -1.115039
721 0.044049 -2.153409 -0.857913
2212 -0.444174 -2.291814 -0.904265
2107 -0.250041 -2.762198 -1.026032
1757 1.061848 -0.645825 -0.934954
1311 -0.281608 0.267447 -1.349219
351 0.504410 0.249179 -1.299735
671 -1.344054 -0.190014 -1.300077
416 -0.055384 -0.067375 -1.105388
513 0.034931 0.319746 -1.330948
442 -1.033881 0.103596 -1.389523
59 0.721375 -0.618614 -0.906661
1245 -0.335425 0.147039 -1.231877
2144 -0.273074 -0.131812 -1.066129
1459 0.815917 -0.536390 -0.927381
447 0.783272 -0.079369 -1.109985
1623 0.286197 -0.752116 -0.801236
1990 -0.239437 -0.200984 -1.064430
1811 -0.763078 -0.406814 -1.052367
1390 0.193994 0.959850 -1.875470
1204 0.120720 -0.100857 -1.074870
1848 0.490096 -0.339464 -0.963171
1297 -0.925274 -0.439843 -1.065971
102 -0.029027 -0.060562 -1.106976
357 -1.419146 0.413856 -1.740433
432 0.159824 0.532854 -1.513225
1653 -0.241058 -2.393806 -0.871408
2099 -0.270809 0.663539 -1.627619
1946 0.179488 -2.340122 -0.864538
2046 -0.237791 -2.033856 -0.810085
144 -0.338339 -0.134441 -1.095505
1874 -0.324660 -2.605742 -0.972503
120 0.167288 0.024331 -1.152323
1552 -0.004063 -2.535989 -0.935269
501 1.264098 -0.530353 -1.001620
1732 -0.075753 0.648411 -1.601202
1152 -0.926429 0.062610 -1.338153
485 0.623700 -0.411275 -0.951492
816 -1.075196 0.739596 -1.893759
317 0.200122 -0.144000 -1.060730
2035 -0.798219 -0.046405 -1.235337
1737 0.016121 -0.094993 -1.081757
790 -0.508998 0.618646 -1.596399
2121 0.512906 -0.429700 -0.930649
1637 -0.112317 -2.670413 -0.975548
2206 0.498538 -0.129080 -1.077200
1973 -0.858804 0.286700 -1.453605
23 0.426403 0.007036 -1.154575
1182 0.597781 -0.437658 -0.948752
1232 1.064305 -0.680168 -0.878474
797 0.712420 0.191068 -1.242484
1206 -0.062104 -2.408059 -0.899737
1785 -0.079396 -2.662058 -0.963450
1519 0.687282 0.060286 -1.212784
45 0.776287 -0.503953 -0.935594
92 -0.360416 -2.339238 -0.893362
276 0.939569 -0.641397 -0.892558
588 0.768234 -0.027835 -1.133025
808 0.868262 -0.737310 -0.882558
674 0.215933 0.487754 -1.483292
714 -0.178557 -2.291938 -0.864611
651 0.050906 0.318599 -1.357827
1698 -0.278504 0.194103 -1.284736
628 0.086540 -0.074630 -1.097040
18 0.126271 0.646426 -1.593136
810 -0.089815 0.482387 -1.480943
568 0.713300 0.092828 -1.210617
1927 0.175852 0.748340 -1.682900
2079 0.336931 -1.758657 -0.725824
899 1.345427 -0.656865 -0.972893
289 0.390622 -0.036940 -1.099442
1287 -0.568502 -0.058975 -1.142910
1099 -0.957053 0.556900 -1.684478
140 0.052637 0.995295 -1.921449
190 0.792262 -0.544275 -0.921731
279 0.213242 0.501913 -1.478804
1752 0.670977 -1.023310 -0.755272
1064 0.481887 -0.525189 -0.904457
1504 0.335318 0.361416 -1.361224
629 0.259345 1.290683 -2.180129
1889 -0.413777 0.123133 -1.249866
548 1.104093 -0.573685 -0.950640
1774 -0.790135 -0.000394 -1.208739
2125 -0.280753 0.381247 -1.422848
911 0.349850 0.376008 -1.380995
1575 0.794137 -0.628755 -0.911413
1930 0.206699 -0.427773 -0.930347
1587 0.599515 0.628586 -1.579682
707 -0.181922 0.589216 -1.547558
2203 0.309711 0.673501 -1.608391
1101 -0.028266 -2.693960 -0.990973
1042 0.260954 0.796042 -1.724537
1943 1.141048 -0.842921 -0.837959
336 0.981142 -0.555691 -0.963188
1116 0.238981 0.521411 -1.468699
1470 0.449326 0.131196 -1.211999
2029 0.530353 0.012262 -1.112533
2139 1.165211 -0.469195 -0.992754
2178 0.408067 -0.040979 -1.112201
1826 -0.098660 0.238418 -1.285562
695 0.311343 0.682236 -1.601294
799 0.103498 -0.206817 -1.028939
2236 -0.216802 0.241431 -1.296739
854 0.094676 -2.609369 -0.965499
2075 0.147763 0.266584 -1.302269
1997 0.080574 -1.911236 -0.768488
533 0.027076 -0.605593 -0.867617
1238 0.812420 -0.139725 -1.066939
710 0.320991 0.810716 -1.714779
1168 0.037441 0.474963 -1.441968
518 -0.045061 0.230826 -1.258270
796 0.624214 -0.617324 -0.882227
2083 0.158920 -1.936817 -0.768000
537 0.783798 0.095945 -1.205823
1630 -0.118157 0.323871 -1.331178
928 -0.023356 -2.658695 -0.977685
1968 0.736255 -0.527922 -0.911671
265 0.737659 -0.414495 -0.963813
148 -0.232395 0.758720 -1.714333
898 0.152286 0.532363 -1.485451
635 0.545403 0.117870 -1.219525
526 0.283005 0.109172 -1.208249
1615 -0.280300 -2.579801 -0.962709
1665 -0.213565 -0.647211 -0.863640
601 0.501984 -1.779693 -0.722674
595 0.214002 -2.153313 -0.822335
664 0.169406 -0.615186 -0.886944
1501 0.530292 0.477984 -1.449974
1543 0.331748 -2.623287 -0.915449
428 0.422236 0.728771 -1.650971
1340 1.443961 -0.336334 -1.112641
382 0.291221 -2.199230 -0.812657
210 -0.916914 -0.278837 -1.147210
690 -1.048548 0.787889 -1.913383
1440 0.440678 0.072942 -1.193562
319 0.693476 -0.159547 -1.058353
2098 -0.953936 0.353289 -1.542245
1098 0.121811 0.006349 -1.143917
2062 -0.064160 -2.504536 -0.925456
547 -0.209141 0.625102 -1.614955
803 -0.432376 -0.285780 -0.986075
1181 -1.096512 -0.113814 -1.271777
287 0.100547 -0.023929 -1.127481
925 1.023224 -0.337227 -1.004415
1317 0.821988 -0.536142 -0.938078
1863 -0.305580 -0.096302 -1.103619
1991 0.254135 0.241544 -1.276272
1120 -0.107800 0.775754 -1.682698
2175 0.230975 -0.371089 -0.965393
2103 0.058820 0.476736 -1.457729
892 -1.020318 -0.082543 -1.283495
1061 -0.353561 -0.019798 -1.146201
463 0.517888 0.025142 -1.131846
2184 0.557677 0.820625 -1.730261
1847 0.957742 -0.435322 -0.957784
1521 0.798852 0.158651 -1.238526
782 -0.186588 -2.494520 -0.950721
1294 -0.142110 -0.233153 -1.038643
1124 -0.986456 -0.549838 -1.038688
657 -0.998021 -0.243936 -1.176645
824 0.189686 0.121439 -1.209946
205 0.353741 -1.626996 -0.724763
1481 0.803799 -0.161537 -1.055388
1488 0.278745 0.782882 -1.692272
1441 -0.404678 -0.063394 -1.155988
242 -0.196422 -2.322203 -0.880774
838 -0.061218 0.631755 -1.583545
1368 0.283234 0.147933 -1.205703
421 -0.375224 -0.761584 -0.861156
2077 0.597941 0.063456 -1.175186
389 -0.055703 -0.597344 -0.876903
1016 -0.971137 -0.531575 -1.045499
1928 -0.897722 -0.073576 -1.235930
1306 0.903940 -0.791543 -0.848749
214 0.170683 0.720647 -1.625997
762 0.939562 -0.757668 -0.856790
462 1.420118 -0.588653 -0.998876
1095 -0.081192 -2.478954 -0.918539
1866 0.735097 -0.413684 -0.959032
768 0.202973 0.546922 -1.500939
1554 -0.212768 -2.460085 -0.899942
1546 0.719578 0.012085 -1.170030
2127 -1.132770 -0.057372 -1.322218
360 0.896950 0.294322 -1.325017
648 0.262513 -0.224666 -0.996477
251 0.642397 -0.365618 -0.946647
1485 0.120620 -0.080475 -1.090761
1715 0.495929 -2.549884 -0.904048
563 0.211954 -0.161663 -1.043329
168 0.396814 0.886439 -1.784346
1237 -1.119225 -0.386674 -1.144973
1959 0.499971 0.739854 -1.641108
1532 -0.081540 -2.399173 -0.940951
79 -0.663103 0.397008 -1.500364
1969 -0.344636 0.163096 -1.267561
1750 0.301985 0.799425 -1.693404
1609 0.308188 -2.422427 -0.860006
1274 0.919736 -0.539293 -0.933946
1636 -1.182043 -0.329502 -1.165474
82 -0.627242 -0.298734 -1.086769
1518 -0.032696 0.036954 -1.141477
298 0.444135 0.683034 -1.584742
288 0.936571 -0.494612 -0.977197
232 0.169223 0.363226 -1.371693
1873 -1.058183 -0.253223 -1.183042
1953 0.781407 0.402766 -1.411286
180 -0.860527 0.142339 -1.349752
443 -0.033308 0.691865 -1.613613
694 -1.071333 0.490311 -1.701188
1719 1.536266 -0.642225 -1.015006
2104 0.766094 0.165343 -1.255475
724 -0.429616 0.234171 -1.323914
174 1.232308 -0.474910 -1.021556
1786 0.554854 -0.509567 -0.893923
535 1.312996 -0.332408 -1.059102
641 0.332033 1.216616 -2.078707
2002 0.967632 -0.683987 -0.904319
1285 -0.866967 -0.039238 -1.247917
178 0.581362 -0.045522 -1.125953
1011 0.641644 -0.196923 -1.038372
454 0.271746 0.632832 -1.548373
200 0.036705 -2.011469 -0.790734
1024 0.298771 0.095198 -1.181890
37 0.538533 -0.343128 -0.969210
2069 0.229439 0.693558 -1.628304
621 -0.078464 -2.367307 -0.905842
1815 0.205800 -2.002845 -0.774395
1268 1.134009 -0.459834 -0.982096
540 0.089500 0.311295 -1.342137
2160 0.986509 0.195869 -1.309388
817 0.307040 -1.767608 -0.707499
329 0.160039 0.921555 -1.814273
570 -0.217850 -2.527797 -0.953736
475 -0.127663 -2.034631 -0.793132
171 -0.623379 0.451051 -1.516433
359 -0.430304 -2.506818 -0.950396
1593 0.001780 0.759772 -1.718742
1821 0.053753 -0.144491 -1.067029
1096 0.036529 0.421613 -1.386404
1190 -0.417775 -2.485358 -0.945343
1393 0.753175 -0.445121 -0.946548
1805 0.278788 -0.461817 -0.925655
499 -0.291947 0.154958 -1.266913
1300 0.284479 0.139823 -1.201642
152 0.182967 -1.533673 -0.714863
2118 -1.130679 0.071261 -1.399018
33 0.012363 0.774862 -1.695341
680 -0.241129 0.049393 -1.198967
1031 -0.235660 -2.367371 -0.885431
1573 -0.335404 0.425416 -1.442259
2213 -0.276028 -2.373341 -0.927085
343 0.810760 -0.571948 -0.917940
1571 1.322696 -0.394065 -1.041952
489 0.194911 0.037427 -1.143814
134 0.906897 -0.619397 -0.909570
1736 0.129193 0.544705 -1.499079
1473 0.400542 0.879924 -1.789857
1141 0.148803 0.025292 -1.137096
1138 0.411374 0.921000 -1.819572
88 0.192302 -2.267637 -0.823588
398 0.031032 1.439455 -2.347088
420 0.669857 0.295811 -1.332088
930 -0.967247 -0.174356 -1.211365
27 0.350856 0.620506 -1.556261
639 0.081023 1.173692 -2.048428
1428 -0.270149 -2.242392 -0.857977
1165 0.423934 0.526085 -1.503602
1817 0.233959 0.107897 -1.220047
1162 -0.459780 -1.905150 -0.803057
2223 0.096605 -2.746823 -0.973718
1026 1.390654 -0.554003 -1.011304
1194 0.410996 -2.232672 -0.816951
626 -0.679256 -0.389920 -1.001582
1855 -1.064850 -0.278862 -1.169580
846 0.333670 0.125385 -1.215417
206 -0.727624 -0.101608 -1.204541
546 0.016368 -0.121631 -1.068303
1562 -0.080193 -2.549837 -0.947572
2200 0.037338 0.482680 -1.469933
1708 0.001108 -0.199294 -1.036912
211 0.523695 0.890494 -1.762742
247 -0.429969 -2.085502 -0.865667
1391 -0.256576 0.972811 -1.862895
677 0.301579 0.442032 -1.434366
1704 0.520171 -0.558341 -0.882720
310 0.795048 -0.780968 -0.839446
1122 -0.706438 0.056553 -1.256227
868 0.890257 -0.079995 -1.136066
1830 -0.011824 0.176768 -1.244700
944 -0.416690 0.463433 -1.477812
2047 0.079919 -0.106956 -1.071540
623 -0.258624 -2.270322 -0.883546
1679 0.341967 -0.121719 -1.078278
483 0.040216 0.062994 -1.178926
240 -0.099590 1.084937 -2.011827
434 -0.657020 0.324389 -1.435948
1620 0.284768 0.520819 -1.476757
58 0.272012 0.588051 -1.545395
1167 -1.262010 0.596977 -1.855993
655 0.444555 0.957338 -1.840537
248 -1.239550 -0.364221 -1.218163
1525 0.718299 -0.569936 -0.916281
1940 -0.019623 0.012333 -1.126817
1878 0.688876 -0.640908 -0.899773
1402 0.635916 0.343806 -1.365328
170 0.041864 -2.099976 -0.787627
1751 -0.949301 -0.241607 -1.170541
1277 -0.000574 -0.048986 -1.100194
201 -0.277295 0.704989 -1.673146
2146 -0.054468 -0.090373 -1.097225
1611 0.559806 -0.127202 -1.071596
126 0.706621 -0.672813 -0.884115
1578 0.772693 -0.374457 -0.968500
882 -0.115414 0.286970 -1.343572
1920 -1.026748 0.091926 -1.383852
592 -0.592344 0.701699 -1.704278
691 0.389458 -1.944885 -0.765235
167 0.747406 -0.536808 -0.920563
1448 0.693199 -0.480970 -0.936339
1050 -0.088140 -2.253144 -0.861080
1191 1.057913 -0.374282 -1.028297
853 0.235745 -1.880362 -0.748584
1121 0.286680 -0.101536 -1.083636
715 0.270476 -1.354441 -0.731637
2180 0.234142 -2.520427 -0.922998
1582 0.347408 -0.151608 -1.059273
1327 -0.243470 -2.557744 -0.975756
1685 0.119858 -2.210618 -0.807768
701 -1.027700 -0.288555 -1.172599
1262 0.041698 -0.134240 -1.067699
1638 0.200175 0.147220 -1.201581
480 0.860160 -0.586387 -0.919872
962 0.267897 0.974884 -1.868801
1793 0.581847 0.770556 -1.672007
2015 0.215422 -2.030149 -0.797324
1345 -0.607500 0.076013 -1.277289
529 0.448083 0.453200 -1.416792
100 -1.450442 0.191537 -1.568602
2161 1.036440 0.117205 -1.271643
975 0.311615 -2.435556 -0.871849
86 -0.221111 0.545399 -1.534363
1454 -0.176207 0.694140 -1.639195
1872 0.509756 0.318941 -1.354961
234 -0.792916 0.165114 -1.346619
335 -0.182089 -2.224071 -0.843693
175 -1.406942 0.053176 -1.490887
1151 0.830640 0.265345 -1.333871
904 -0.067954 0.812827 -1.734045
112 -0.104278 -2.279823 -0.843716
506 -1.099213 0.611617 -1.806738
2211 -0.075991 0.023217 -1.169209
361 -0.172676 -2.426705 -0.892311
1346 0.155303 0.503596 -1.474526
1228 -0.666947 0.907474 -1.907558
2168 1.045624 -0.448400 -0.981004
877 -1.289860 -0.301683 -1.248967
955 -0.442254 0.447351 -1.478320
709 0.088596 0.247587 -1.304617
698 0.187273 0.025423 -1.151393
630 0.496597 0.545373 -1.476066
1307 0.045141 -2.480109 -0.910438
589 -1.256890 -0.250579 -1.275960
1780 -0.734186 0.512373 -1.592366
591 1.165101 0.195195 -1.326695
2198 0.341257 -1.764506 -0.715705
2055 0.271019 -2.566320 -0.881350
1779 0.069591 -2.093514 -0.808750
1018 1.294661 -0.436974 -1.065858
654 -0.272082 -2.752629 -1.013625
1363 -0.188021 -2.249920 -0.858078
2003 0.028699 -2.446024 -0.891781
2108 0.337528 -2.070235 -0.773969
1004 0.538104 1.263035 -2.141799
668 0.182349 0.651434 -1.582356
1369 -0.217000 0.167295 -1.254148
1017 0.600956 -0.256070 -1.028734
13 -0.180073 -2.344830 -0.874686
1668 -0.926436 -0.180453 -1.179248
81 0.107460 -0.009754 -1.130989
1233 0.877615 -0.008794 -1.158328
1256 -1.164554 -0.403637 -1.161179
138 0.318484 -2.392730 -0.861636
585 -0.450675 0.019318 -1.184774
226 0.536542 1.210728 -2.109166
2137 -0.277496 -2.693690 -1.019803
1466 -0.062812 -2.279309 -0.875131
1324 -0.889261 -0.191302 -1.166767
1603 -0.596588 -1.616807 -0.778591
1586 0.185386 -1.910766 -0.780174
675 -0.084122 -2.433081 -0.903087
1650 0.298567 1.209072 -2.133365
185 -0.862186 0.560358 -1.656577
1070 -1.064585 -0.273463 -1.187333
1083 0.016184 1.184679 -2.065513
239 -0.075066 -2.166414 -0.799273
2243 0.779903 1.240102 -2.150292
2111 0.589129 -0.871814 -0.807891
2246 -0.050856 -2.260573 -0.839228
1417 0.326296 -0.115261 -1.082272
1763 -0.007194 0.460898 -1.426132
230 1.165915 -0.526784 -0.969062
1397 0.247536 0.549388 -1.523466
749 0.098368 1.196931 -2.079019
1520 0.077082 -2.809242 -1.010448
1078 0.435671 -0.261590 -0.949761
916 -0.880565 -0.029633 -1.225726
1202 0.917613 -2.020885 -0.780348
1536 0.059530 -2.403145 -0.898201
1584 -0.364104 -1.968772 -0.820695
394 0.152419 0.464312 -1.441115
1153 0.229072 -2.350856 -0.862284
1947 0.223388 -2.087712 -0.793137
131 0.261798 0.312224 -1.335722
652 0.302025 -2.055027 -0.789873
1683 -0.174949 -2.063159 -0.830595
435 0.151889 -1.782216 -0.707795
600 -0.360997 0.526845 -1.546361
813 -0.330265 0.085671 -1.209405
859 1.063487 -0.321048 -1.032145
578 0.872110 -0.413803 -0.970374
1832 0.190096 0.890445 -1.816103
1254 -0.269995 -2.363414 -0.888275
2245 0.380748 0.360507 -1.340981
1640 0.197094 -0.218881 -1.036285
236 -0.942162 0.047234 -1.314687
1728 -0.022993 1.289942 -2.197927
903 -0.557541 -0.466342 -0.939099
1273 0.656376 -0.282510 -0.990634
774 -0.038502 -1.994090 -0.781879
1502 1.269286 -0.807804 -0.904116
1193 0.213537 1.324691 -2.198989
2114 0.096568 -2.603847 -0.948981
1243 -0.897174 -0.247148 -1.156705
2065 0.243640 -0.643569 -0.839147
1446 1.223808 -0.291746 -1.072656
1765 -0.021986 -2.419530 -0.914523
910 0.455623 -0.085368 -1.095950
970 -0.885113 -0.516868 -1.008909
1545 -1.097490 -0.266287 -1.219415
122 -0.100031 -2.171062 -0.838763
772 -1.153460 0.089826 -1.404613
1140 -0.825601 -0.062028 -1.209105
323 0.697381 0.971442 -1.890941
403 0.481955 0.361108 -1.352772
1716 0.731118 0.144341 -1.248213
369 0.051602 0.363495 -1.392712
2172 -0.765958 0.074535 -1.299203
881 1.263800 -0.310381 -1.087998
666 -1.027016 -0.277401 -1.163216
995 -0.486558 0.387147 -1.474472
760 0.391863 0.972439 -1.891607
1982 0.591394 0.340842 -1.353844
1399 0.107413 1.064788 -1.954496
379 -0.028005 0.020386 -1.158836
1553 -0.225519 -2.347043 -0.886031
1315 0.181306 0.181185 -1.260619
966 -0.760710 0.257052 -1.416312
1080 0.280460 0.965216 -1.836385
46 -1.215558 -0.271613 -1.250722
725 -1.428761 -0.276765 -1.316913
615 -0.186707 0.231146 -1.269314
977 0.031710 -0.157235 -1.062125
708 -0.153044 -0.056948 -1.141285
164 -0.382235 0.314086 -1.391617
270 -0.235337 0.874408 -1.784746
681 -0.135796 0.471765 -1.489320
959 -0.128803 -2.443487 -0.909929
2016 1.026453 0.291664 -1.396232
1717 0.770597 0.275639 -1.320127
1581 0.209482 -0.714358 -0.856138
1381 0.089793 0.340521 -1.352921
2012 0.874486 -0.398851 -0.990782
354 -1.453297 0.285815 -1.673165
917 0.033777 0.094401 -1.183000
43 0.358856 0.570710 -1.534930
2056 0.265534 0.234091 -1.282627
1401 -1.295436 0.613620 -1.865574
1515 0.256116 0.224338 -1.281600
1201 -0.443444 -1.905009 -0.801812
2189 1.510399 -0.593643 -1.022695
373 -0.073928 -2.144686 -0.801574
2078 0.131752 0.213054 -1.268747
1035 0.649518 0.361842 -1.367702
1302 -0.247022 -0.276713 -1.014398
277 -0.145564 0.608585 -1.564372
544 -0.271576 0.740881 -1.678443
412 -0.302608 -2.452465 -0.911560
1321 0.477965 -0.251848 -1.008778
109 -0.789050 0.792676 -1.842352
659 0.527142 0.185766 -1.252743
980 0.482457 0.095453 -1.193775
371 -0.148286 -2.821680 -1.020453
1447 1.089800 0.439591 -1.458822
1894 -0.284794 -0.350263 -1.003173
260 -0.320387 -2.073018 -0.865943
2226 -0.123150 -2.482910 -0.920106
1730 0.225275 -2.430635 -0.874752
945 -0.912598 0.618753 -1.733196
345 -0.233433 -0.106527 -1.096328
866 1.038634 -0.422192 -0.998568
779 -0.249088 -2.798254 -1.033649
764 0.448227 0.293672 -1.312311
985 -1.378296 0.343599 -1.677687
388 1.154121 -0.512532 -0.972787
2182 0.110567 -2.224089 -0.835087
1957 -1.017122 0.015964 -1.330002
1478 0.090982 -2.401845 -0.905441
2221 1.074622 -0.532672 -0.964371
1907 -1.030228 -0.188902 -1.212627
1462 1.198945 -0.673604 -0.902273
1496 0.293298 -2.441871 -0.862732
1128 0.938077 -0.674269 -0.902471
1217 0.517049 0.548115 -1.494308
1579 -0.114220 0.362464 -1.359679
2142 0.841036 0.087285 -1.172319
602 -0.094414 -2.359739 -0.850706
2215 0.865289 -0.674645 -0.916500
1126 -1.344447 0.474158 -1.754898
884 -0.099329 -2.265096 -0.876257
1649 -0.176144 -2.399737 -0.913901
255 -1.421555 -0.049215 -1.463754
1984 -1.052197 0.381989 -1.587110
271 -0.252984 -2.418196 -0.926238
1831 -0.868182 0.264254 -1.442058
1660 0.969547 -0.550767 -0.925469
562 -0.332135 -2.247864 -0.852522
346 0.253793 -2.372496 -0.863452
177 0.379257 -2.347646 -0.874448
1548 -0.369631 0.656957 -1.652390
2186 -0.076010 -2.106868 -0.832871
1338 -0.415617 -0.072270 -1.147062
1944 0.373007 -2.216118 -0.794816
733 -0.816120 0.921557 -1.945779
1951 -0.623487 0.517793 -1.585186
692 0.819121 0.364461 -1.371445
1720 0.249766 0.068202 -1.125456
1213 0.124585 1.282653 -2.192974
387 -0.173890 -2.416456 -0.906845
1531 0.025317 0.678584 -1.616906
2157 -0.763971 -0.525647 -1.008742
632 -1.011145 0.155904 -1.401222
2096 -0.862626 0.322500 -1.492997
1389 0.731204 -0.643864 -0.897561
1361 1.221140 0.388911 -1.464893
508 -0.107070 -2.567799 -0.924416
1047 -1.583745 0.107176 -1.575029
401 0.060824 -2.339488 -0.884308
1897 1.090147 -0.763201 -0.923733
2017 0.580065 0.566369 -1.508603
982 -0.578686 -0.204597 -1.100489
1378 0.595408 0.061890 -1.192995
1690 0.241153 -1.896288 -0.761196
2205 -0.120249 0.017862 -1.160135
747 -1.431147 0.196997 -1.604335
2152 0.418160 -2.388553 -0.898793
1725 -0.105958 -2.304669 -0.875201
1596 -0.323635 -2.859691 -1.046913
1405 -0.365065 -0.470414 -0.949495
2000 0.279960 -2.219193 -0.844900
93 0.466437 -0.229378 -1.004019
252 0.151616 -0.166173 -1.064070
931 -0.213641 -2.469857 -0.916280
1888 -1.277104 -0.187759 -1.292917
113 1.172684 -0.579600 -0.983676
2057 1.163813 -0.727340 -0.910018
216 -0.288981 0.660337 -1.639897
57 -1.434256 0.560542 -1.853484
2034 0.343752 0.197724 -1.243045
1301 0.120543 0.656690 -1.588049
1250 0.176780 -2.524907 -0.906564
1314 1.356620 -0.563123 -0.991718
722 0.492098 0.370676 -1.380599
689 1.003428 -0.532941 -0.948998
218 0.173282 -2.028306 -0.807563
751 0.024971 -2.179035 -0.811846
1479 0.910395 0.119267 -1.205999
593 -0.440793 0.427487 -1.472005
1074 -0.272089 -2.030039 -0.791325
718 -0.323179 0.216411 -1.311610
245 -1.561810 0.749911 -2.081166
2054 -0.247870 -0.874485 -0.778567
1936 0.458917 1.395379 -2.279832
192 0.012456 -2.617090 -0.949049
2239 -0.177408 -2.494017 -0.892825
1279 1.641590 -0.641872 -1.038141
1658 1.011271 -0.483075 -0.982924
1495 -0.100868 -2.104654 -0.847016
1952 0.485105 0.757546 -1.660699
543 1.070730 -0.364023 -1.019034
450 -0.364775 -1.852934 -0.762999
1367 -0.013160 -1.884785 -0.766273
939 -0.713884 -0.337173 -1.032315
1852 -0.380915 0.881039 -1.816045
1090 0.323162 -0.084486 -1.116719
1537 0.461371 -2.652029 -0.904575
502 0.867689 0.322473 -1.379686
1634 -0.569868 1.019983 -1.985478
195 1.185831 -0.484866 -1.017034
994 -0.076565 0.844564 -1.766823
1055 1.091058 -0.643763 -0.921829
2008 0.026164 -2.377897 -0.881831
1093 -0.038858 -2.544088 -0.926424
1060 -0.194666 -2.237879 -0.852520
1344 -1.101342 -0.241620 -1.206968
111 0.307097 0.417434 -1.384234
1145 1.113955 -0.480858 -1.007157
1945 0.301343 -2.220258 -0.827887
1846 -0.532406 0.160947 -1.295642
1353 0.531443 0.688694 -1.634171
1486 0.246942 -0.033961 -1.122919
1542 0.029629 -0.150566 -1.055255
147 -0.963883 -0.425101 -1.089430
1861 0.808034 -0.709585 -0.857222
1329 -1.132798 -0.047314 -1.317399
1438 0.184695 0.523456 -1.511509
1503 0.074791 -2.172339 -0.818604
1110 -0.299482 -2.397897 -0.910606
1272 0.423053 -0.623950 -0.885984
110 -0.219511 0.556214 -1.508250
956 0.347683 -2.345897 -0.875886
1561 0.000410 0.254388 -1.291526
827 0.712164 0.203046 -1.297201
823 -0.567434 0.724622 -1.730434
820 -0.537088 0.623930 -1.627460
1023 0.036078 -2.308140 -0.831652
29 0.150171 0.851930 -1.749355
1549 0.111529 -2.431005 -0.893681
1574 0.028969 -2.267064 -0.837197
1134 0.487885 0.042715 -1.146526
561 1.532625 -0.718997 -0.983570
1452 0.452393 -2.457445 -0.877062
1616 0.097100 0.860887 -1.754464
1771 0.328768 1.114785 -1.996011
793 -0.136572 -2.509424 -0.916512
2028 0.227288 0.189763 -1.247426
212 1.246384 -0.465732 -0.999781
1131 0.263070 0.864741 -1.772021
5 -0.028254 -2.313277 -0.851512
1480 -0.600470 -2.518024 -0.951693
2249 -0.151338 -2.383759 -0.879761
742 0.130739 -1.967914 -0.778073
2166 -0.080580 -2.380822 -0.867383
1564 0.208167 -2.547236 -0.921979
974 -0.126549 -2.501037 -0.900433
375 -0.560214 -2.224770 -0.885216
1150 -1.774236 -0.242360 -1.497635
1497 0.265658 -2.173161 -0.806953
101 0.016158 -2.267609 -0.854549
1676 -0.432427 1.030846 -1.909744
1102 -0.067835 1.378377 -2.269106
2063 -0.909528 -0.146887 -1.192965
1934 -0.288894 -2.264208 -0.886108
840 0.036747 -2.449261 -0.878887
154 -0.147302 -2.849884 -1.052590
2134 0.377616 0.108948 -1.186429
2074 0.278680 0.230241 -1.284419
337 0.706577 0.294364 -1.306631
1887 1.069310 -0.563484 -0.958446
791 0.414664 0.683229 -1.629287
534 -0.240049 -2.280761 -0.903618
1926 1.563998 -0.656432 -1.017781
1051 0.606844 0.499343 -1.471138
1025 -0.391632 -2.495009 -0.977343
735 0.137905 -2.245371 -0.854563
1994 0.673297 -0.560239 -0.897182
1348 -0.622691 0.807938 -1.832449
1372 -0.280055 0.358049 -1.398533
1560 -1.510123 0.189795 -1.607942
1875 0.427853 0.929278 -1.853674
2045 -0.168071 -2.282963 -0.874198
784 -0.068415 0.158333 -1.250127
1981 0.814124 0.287972 -1.365629
306 0.233897 1.469788 -2.413126
745 -1.494771 0.475047 -1.856663
2061 -0.292067 -2.139051 -0.837316
558 0.150339 -2.437854 -0.885600
1607 0.506252 -2.135703 -0.779232
1380 -0.052834 -2.275541 -0.871106
204 0.404479 0.931359 -1.839680
2006 0.219284 -1.910558 -0.779305
1108 0.660401 0.860569 -1.776541
2022 -0.142507 0.584138 -1.541597
1342 -0.153340 -2.030277 -0.762487
1161 0.562453 -0.212646 -1.036043
756 0.338777 0.354211 -1.355090
1037 -0.069487 0.745107 -1.680578
2050 -0.125764 0.809775 -1.716752
19 0.262174 0.486011 -1.451365
2174 0.853326 -1.864775 -0.734144
636 0.314012 -2.021497 -0.773316
445 -1.845593 -0.231231 -1.515790
822 0.021567 -2.213214 -0.846875
830 0.368349 0.478363 -1.449578
1292 -0.317190 -2.189148 -0.870818
491 1.315116 -0.828299 -0.872654
726 0.372559 1.120993 -2.000094
1159 -0.098538 1.017400 -1.912212
619 -0.219293 -2.466347 -0.929527
498 -1.038133 0.835106 -1.986349
972 0.143646 -2.452699 -0.899185
888 -0.240287 0.449862 -1.440364
571 -0.100305 -2.639401 -0.946290
1753 0.799850 0.422415 -1.426117
1572 -0.967536 0.135273 -1.400768
1870 1.047241 -0.497852 -1.000422
444 -0.196395 0.021220 -1.187026
1651 0.449038 -2.401752 -0.874506
583 -0.233082 -2.339529 -0.865200
1207 0.207354 0.549924 -1.487311
1115 -0.860754 0.357487 -1.495217
20 0.547191 -2.202761 -0.786699
2115 0.100687 -2.505872 -0.896373
256 -0.024891 -2.516459 -0.929363
2209 -0.257416 -2.716607 -0.992338
693 0.478640 0.857688 -1.724018
829 -0.708200 0.608337 -1.622895
118 0.181290 -2.277619 -0.855077
1188 -0.243414 -2.227232 -0.850586
1551 0.677206 0.999699 -1.884630
1843 0.276322 1.091440 -1.997520
2230 -1.647085 -0.102428 -1.495628
986 -0.417452 -2.311113 -0.890952
1170 -1.164557 -0.591065 -1.078785
896 -0.622938 0.359170 -1.473222
91 0.168499 1.200090 -2.141395
227 -0.036939 -0.429100 -0.917972
1700 -0.099785 0.548678 -1.540249
862 0.923995 -0.631226 -0.901870
1840 0.427579 -2.420613 -0.845425
2210 0.419946 0.590130 -1.548076
1506 0.853642 -0.878077 -0.807727
1880 0.446508 -1.875530 -0.715653
115 0.369954 -0.074774 -1.102744
1835 0.107985 -2.414437 -0.876230
139 -0.128047 0.237305 -1.279787
1198 0.408657 -2.298535 -0.843592
800 -0.158874 0.236022 -1.290145
1027 0.246736 -1.715933 -0.756380
484 -0.160222 -2.508258 -0.913545
1809 -0.124196 -2.139737 -0.820684
482 -0.139885 -1.905226 -0.792275
802 0.248472 0.809060 -1.729319
2128 0.455301 -0.023609 -1.139120
2060 -0.157365 -2.110108 -0.808355
1625 0.617365 0.143630 -1.243863
688 -0.096037 0.377903 -1.377123
24 0.523761 0.691067 -1.598900
355 -0.121675 1.062487 -1.989137
926 0.336609 -2.272667 -0.821826
856 0.087503 -2.112331 -0.787596
1418 -0.895109 0.117406 -1.341154
1320 -0.020545 -2.286829 -0.856954
449 0.242420 -1.648058 -0.733571
296 0.197522 0.242415 -1.275440
439 0.657326 -0.362200 -0.971801
2001 0.571907 -2.317026 -0.839660
2227 -0.737995 0.090845 -1.322725
614 0.623347 0.279550 -1.317377
2219 -0.176527 -2.269888 -0.845962
703 -1.022878 0.626367 -1.769549
2241 0.195119 -2.532961 -0.901077
1703 0.960670 -0.590752 -0.908228
141 0.146704 0.305558 -1.323876
423 -0.097718 -2.127472 -0.797532
143 -0.874811 0.452143 -1.623106
2130 0.500313 -2.208381 -0.810908
433 0.492221 0.050825 -1.193688
1092 0.583347 0.967562 -1.864110
468 -0.379233 0.075114 -1.262652
914 0.489802 -2.010499 -0.754204
264 0.220231 -2.041754 -0.797171
1980 1.040510 0.101968 -1.255013
199 0.494754 0.156209 -1.212247
908 0.235999 -1.767421 -0.716239
1619 0.048137 0.189540 -1.256482
1203 -0.238120 -2.208071 -0.867562
161 0.040710 -2.486846 -0.917312
1687 -0.139350 0.962240 -1.882662
1105 -0.201253 -2.293850 -0.890081
557 0.367821 0.074283 -1.183929
929 -1.110714 0.001110 -1.346541
1738 -0.545125 -1.889741 -0.793328
1985 1.281056 -0.716356 -0.901541
728 -0.181301 -2.248123 -0.860361
1192 0.147958 -0.021235 -1.086149
146 0.345491 -1.846886 -0.733940
788 0.671075 -0.973468 -0.800011
809 0.734879 -0.617577 -0.902156
1013 0.612079 -0.003623 -1.141648
1869 0.205817 -1.790793 -0.733841
2140 0.108515 0.605366 -1.537179
855 0.486811 1.013012 -1.925042
9 0.752371 0.442921 -1.444517
1406 -1.299129 0.781915 -2.019700
611 -0.475160 -2.949263 -1.080592
1711 0.636708 0.965838 -1.864146
1602 0.495924 0.624369 -1.557349
330 0.318628 -2.555607 -0.901958
1114 -0.878340 0.680383 -1.765409
1072 -0.138599 -2.275791 -0.900355
1516 -0.159080 -0.319887 -0.918176
850 -0.497316 -0.353670 -1.020963
943 -0.181895 -2.307139 -0.890726
604 0.301770 -2.058536 -0.782242
1517 0.214412 1.181883 -2.103067
341 0.366695 0.284870 -1.318428
1923 1.322711 -0.851458 -0.863899
858 0.389455 0.531237 -1.492378
107 0.570236 0.336860 -1.367659
1234 0.130245 -2.273542 -0.849466
1144 0.501277 0.374373 -1.388041
1569 0.334857 -2.365213 -0.892050
1476 0.445625 0.580991 -1.535344
233 -0.075831 -2.138478 -0.810977
1588 0.830925 0.328341 -1.386565
754 -1.928710 0.022267 -1.720730
1036 -1.256754 0.361383 -1.632788
89 -0.230313 1.394097 -2.352286
196 0.368443 -2.375913 -0.851806
2151 0.074073 -2.094721 -0.817055
1827 0.380692 1.147664 -2.080769
833 -0.744856 -0.284452 -1.091332
1135 -1.032159 0.031732 -1.328610
1999 0.392383 0.399906 -1.395850
1812 0.008598 -2.698832 -0.980228
1726 0.020543 -2.270107 -0.865917
805 0.611967 -0.514430 -0.942320
1522 -1.248628 -0.511643 -1.139920
1419 -0.759122 -0.501603 -0.980876
1664 -0.598653 0.322183 -1.424335
1087 0.671964 0.225033 -1.259061
2113 -0.130178 0.757530 -1.722852
2242 -0.052283 -2.044767 -0.843243
750 -0.287320 -2.750685 -0.955224
404 0.276591 -0.849620 -0.770618
2072 0.438221 0.022525 -1.146389
2058 0.050150 -2.259820 -0.853454
169 0.126254 0.698613 -1.628104
1526 -0.198083 -2.289752 -0.889548
1185 0.605610 0.012398 -1.143723
863 -0.004974 -2.030626 -0.778209
85 0.379121 -1.793871 -0.742736
1208 -0.222518 -0.099169 -1.092636
1197 0.081028 0.815932 -1.714973
263 -0.528577 -0.112617 -1.146656
2228 0.203895 -1.904051 -0.752786
566 0.077492 -2.464269 -0.869473
949 1.305271 -0.490870 -1.035267
717 0.129592 0.278361 -1.317278
1979 -0.250391 -2.631012 -0.948296
1857 0.158192 -2.048772 -0.837817
1599 0.745226 0.946828 -1.846270
1681 -0.211032 0.475036 -1.498599
390 0.060541 -2.798958 -0.989674
156 0.471873 -0.583914 -0.892721
2005 0.338940 0.516705 -1.464961
650 -1.344290 0.813834 -2.068761
1113 0.926759 -0.521319 -0.959969
1781 -0.013420 0.554047 -1.522400
106 0.281990 -2.297479 -0.810930
367 0.369751 1.460507 -2.361896
1557 -1.137862 0.881037 -2.003271
849 -0.527264 -2.072404 -0.880848
748 -1.207798 0.829108 -2.014414
209 -0.307945 0.870855 -1.787666
921 -1.076435 -0.175652 -1.240825
1741 0.114401 -0.126358 -1.087979
137 -0.055314 -2.223354 -0.872146
1743 -0.064248 0.066952 -1.179795
365 -0.395633 -2.497755 -0.946389
1209 -0.672556 0.489770 -1.481170
1954 -0.286651 0.216665 -1.307651
318 0.866447 0.291812 -1.349682
2154 -0.094779 -2.207217 -0.901928
2220 -1.882585 -0.064537 -1.657161
958 0.092399 -2.354376 -0.842075
1049 0.868540 0.099988 -1.227613
108 0.142052 -2.422782 -0.884926
1901 0.314159 -1.945361 -0.755082
2156 0.165103 0.470991 -1.458145
2094 0.057383 0.398461 -1.392563
1987 0.177467 -2.485918 -0.869016
2040 0.084042 -2.182929 -0.817370
1661 0.163143 -1.935979 -0.765561
927 0.189394 1.140391 -2.013717
184 1.217979 0.169131 -1.338617
658 0.086132 -1.962070 -0.742821
1351 0.250920 -2.722851 -0.891755
1962 -1.577987 -0.055478 -1.453548
477 -0.570659 0.233414 -1.331434
448 -0.020136 0.527232 -1.529518
1149 -1.018154 -0.386813 -1.143122
224 0.179622 -2.176844 -0.782526
993 -0.043691 -1.866966 -0.769780
564 -0.150354 0.927305 -1.855609
667 0.569771 0.659077 -1.579338
936 -1.469489 0.243303 -1.655236
1214 0.485465 -2.242316 -0.808300
789 -0.061426 -2.633339 -0.987934
1684 -0.387286 -2.177210 -0.860643
1184 -0.162240 -2.410777 -0.841561
1224 -0.518144 0.095389 -1.216518
304 0.288570 -2.203890 -0.816307
51 0.063361 -2.371885 -0.848157
1014 0.222632 -2.177469 -0.810322
135 -1.434616 -0.229210 -1.371315
1713 -0.218436 -2.419498 -0.914151
1820 0.861775 0.229130 -1.315923
1768 0.191108 -2.139367 -0.824392
1416 1.467180 -0.585040 -1.022001
1127 -0.133682 1.062745 -1.986027
1662 -1.529477 -0.468554 -1.254791
125 -0.050043 -1.462938 -0.712594
1123 0.155093 -2.129390 -0.792203
1052 0.517690 -0.565582 -0.908723
1544 0.593955 0.694875 -1.581778
392 0.190547 1.312011 -2.206725
841 0.903705 0.115820 -1.249513
2194 -0.807005 0.938956 -1.978453
1694 0.478290 -2.292066 -0.817080
127 0.542669 0.135520 -1.240822
781 -1.961185 -0.093170 -1.660082
1845 -0.787412 0.340845 -1.425293
490 0.421806 0.583476 -1.528713
2080 -0.951098 -0.040357 -1.266877
530 -0.177429 1.135931 -2.073174
761 -1.544782 0.298446 -1.691694
870 -0.193412 -2.735046 -0.936818
1091 -0.203395 -2.249850 -0.883287
1906 0.365005 0.916000 -1.782984
1618 -0.390820 -2.401324 -0.900551
293 -0.117841 1.045943 -1.945312
683 -0.112283 -2.513537 -0.898994
1456 0.148543 -1.874524 -0.765691
1790 0.421154 -0.003642 -1.120892
105 0.152195 1.261207 -2.181927
1767 0.953548 -0.220502 -1.047057
187 0.683107 1.309404 -2.218673
1298 -1.683647 -0.049970 -1.543761
2247 0.127669 -0.176973 -1.053992
42 0.137561 -1.781858 -0.737162
1216 0.358476 1.096725 -1.965827
1632 0.587841 0.668358 -1.594746
1759 1.347495 -0.502039 -0.991783
1678 0.261897 -2.263367 -0.813736
121 0.201188 1.065946 -1.937444
303 -0.548465 -2.482515 -0.954340
730 -1.225880 0.714641 -1.937264
634 0.148870 1.175426 -2.057470
1465 0.478996 1.064808 -1.898303
1258 1.142150 0.082493 -1.232436
1436 -0.394683 0.652084 -1.667860
1735 -1.189893 0.586242 -1.758372
998 0.398542 0.960190 -1.893127
842 0.499019 0.392937 -1.389052
555 -1.823048 -0.510062 -1.184376
466 0.736660 -1.686476 -0.734741
393 -0.294403 -2.780539 -1.042083
1739 0.400924 0.222212 -1.302791
1865 0.467942 -0.449278 -0.941387
290 -0.788022 0.206966 -1.264899
2025 -0.333127 1.008948 -1.923775
685 0.033139 0.036064 -1.173047
1482 -0.017994 -2.711634 -0.976513
1729 0.049560 0.494862 -1.457627
307 1.526618 -0.518397 -1.066470
1628 -0.020116 -0.086998 -1.063186
2124 -0.260225 -2.506000 -0.976919
1177 0.272982 -2.005497 -0.758939
775 -0.249018 -2.440882 -0.892590
891 0.514430 0.412547 -1.402579
1667 -0.194498 -2.485017 -0.901084
1761 0.511568 0.430859 -1.416964
162 -0.647728 0.194505 -1.354081
52 -0.282461 0.607018 -1.596002
1069 1.328848 -0.108570 -1.202008
1509 0.339254 0.663862 -1.577603
2252 -1.313004 0.231236 -1.532333
440 -0.313238 0.875668 -1.795830
1535 -0.342782 0.542699 -1.512407
1758 0.091775 -2.276190 -0.853387
1514 0.328321 -0.160774 -1.065103
1282 -0.602398 -0.305162 -1.083897
901 -0.438635 0.456272 -1.492936
807 -0.057414 0.662855 -1.569752
661 -0.016778 -2.327411 -0.884078
989 -1.107829 0.659065 -1.808373
1211 0.070028 -0.020252 -1.170509
311 -0.626012 -2.207300 -0.897550
1450 -0.730685 0.324002 -1.437997
605 -0.238715 0.540202 -1.547764
1156 -0.277589 0.455793 -1.481222
1942 -0.365969 -0.404853 -1.002208
1824 -0.076799 -2.624356 -0.976160
1215 -1.316819 0.111045 -1.447497
804 0.130876 -2.001879 -0.809199
69 -0.202584 -2.129227 -0.862827
1977 -0.636879 0.794075 -1.820585
613 -0.035887 0.314846 -1.325273
836 -0.242398 1.202657 -2.116208
860 0.059682 -2.020486 -0.786811
380 -0.162296 -2.580935 -0.941990
660 0.198764 0.072364 -1.196433
1434 -0.134677 1.129627 -1.976324
453 1.355685 -0.320754 -1.098524
759 0.038304 -2.563470 -0.921471
770 -0.981224 0.629645 -1.749142
1085 -0.124131 1.122939 -1.934886
1600 -0.102792 -2.528782 -0.960188
1914 -0.022160 -2.065366 -0.813726
283 0.329970 -2.277772 -0.817356
909 0.581628 0.673816 -1.520203
1404 0.359056 0.920596 -1.831520
1971 -0.280182 0.870855 -1.791700
458 0.503596 -1.875865 -0.753045
53 0.259865 1.213231 -1.948875
851 0.133015 0.005619 -1.150188
857 0.413435 0.976946 -1.870864
1734 -0.862239 -1.975704 -0.899112
1794 -1.915474 -0.316793 -1.482695
1303 -0.701975 -1.833221 -0.798536
235 0.131867 0.029522 -1.166134
1491 -1.016850 0.521336 -1.631025
991 0.180072 -1.608068 -0.720115
885 -1.623623 -0.320413 -1.130119
766 0.514385 -1.955472 -0.764666
572 -0.548622 -0.054503 -1.186857
1032 0.091560 -2.549846 -0.857536
837 0.343960 -2.034591 -0.748982
554 0.141845 -1.544935 -0.702833
1915 0.295873 1.004884 -1.892844
464 -0.077944 -2.004654 -0.793884
1332 -0.808033 0.522909 -1.387132
347 -0.186718 0.603656 -1.526233
241 0.952050 -0.244628 -1.062836
1358 -0.402578 -0.122442 -1.115526
1183 -0.440560 -2.119779 -0.858089
385 -0.103751 0.753985 -1.676975
2214 -0.134016 0.526727 -1.516300
616 0.954431 0.148397 -1.254857
159 0.341448 -1.777429 -0.720892
17 0.103782 -2.126229 -0.789828
1591 0.141441 0.768205 -1.671593
496 -0.159259 -2.388427 -0.874804
73 0.471125 1.191243 -2.001085
158 -0.887787 -0.330601 -0.960023
1782 1.122916 -0.376836 -1.070861
618 -0.473685 -0.108516 -1.195012
964 -0.340993 0.664506 -1.589885
1605 0.553675 1.168320 -2.016782
2231 0.340840 -2.396241 -0.846977
2014 -0.223212 -2.517949 -0.888298
2059 -0.052739 -1.980435 -0.801896
261 0.188275 -1.344391 -0.670468
150 -0.190250 -2.080942 -0.778704
66 0.013821 -2.167741 -0.837800
1675 -0.941261 0.167248 -1.376167
456 -0.318098 -0.001408 -1.212103
1296 -0.261039 0.538138 -1.488440
1556 0.271699 -0.474154 -0.922342
676 0.111879 -2.365832 -0.826957
80 -1.614050 -0.470148 -1.105037
1413 -0.252403 -2.441499 -0.918384
409 0.057402 -0.035669 -0.955666
1777 -0.265774 -2.491535 -0.938104
243 0.153152 0.823342 -1.753896
549 -0.031619 0.573092 -1.560113
758 -1.067175 0.026744 -1.345333
1816 -0.252698 0.899672 -1.735808
1778 -0.155634 -2.360880 -0.861525
584 -0.009190 0.835421 -1.761409
1076 -0.069435 0.219590 -1.289692
1624 0.553276 -0.534944 -0.880910
191 -0.848783 -0.672150 -0.767494
1858 0.423768 -0.067563 -1.033542
1248 0.126203 0.926926 -1.783813
181 0.071048 -1.822083 -0.748604
1257 0.142102 -0.049109 -0.943415
2068 -0.392289 0.639554 -1.598192
172 -0.227262 0.124733 -1.256569
2217 -0.122446 -2.337799 -0.866186
644 -0.529013 0.470810 -1.395037
932 0.639700 0.687125 -1.503595
1041 -0.026254 -2.423397 -0.842956
467 -0.160874 -2.067621 -0.780342
1558 0.295239 -1.782683 -0.701783
1898 -0.817542 0.574455 -1.631742
597 0.189454 -2.208096 -0.840606
1172 0.048283 -0.098378 -0.929770
520 -0.156129 -1.931545 -0.778299
686 -0.835874 -0.375247 -1.087803
321 0.524292 -1.550279 -0.752739
1002 0.196715 0.813600 -1.761843
719 -0.075445 -0.092396 -1.097171
1958 0.348792 0.341294 -1.367716
1656 -0.100883 0.692649 -1.556732
96 0.094728 0.368910 -1.374265
1210 0.227403 0.615863 -1.580688
1919 0.558882 -0.008761 -1.136153
396 -0.259355 -2.393618 -0.818640
1524 -0.224117 0.710786 -1.549939
1955 -0.727037 0.196821 -1.273139
1697 0.428301 -1.597312 -0.709707
2222 -0.525236 0.450659 -1.432288
1001 -0.349882 0.774010 -1.504897
1022 -0.385834 0.255655 -1.313410
322 -0.188515 0.772299 -1.649029
268 0.303400 -1.019711 -0.705783
1787 -0.582217 -0.498547 -1.030153
457 -0.169001 0.705416 -1.591208
933 0.953093 0.129119 -1.210531
2 0.284496 -1.733922 -0.645226
1589 -0.104302 -1.705903 -0.731658
752 0.239987 -1.331619 -0.707856
1998 -1.106008 0.020399 -1.289737
1467 0.210105 -0.040572 -1.130656
40 -0.363348 -0.303331 -0.866768
1 0.227788 0.424885 -1.276201
952 0.111608 0.558725 -1.443810
2085 -1.066476 -0.517744 -0.929921
342 -0.809382 -0.437504 -1.074403
523 0.332448 -1.451873 -0.661824
864 0.382866 -0.071082 -1.122678
1304 0.467528 0.326801 -1.347590
1799 0.372265 0.393887 -1.340103
60 0.236796 0.471385 -1.393057
1862 -0.255717 0.162499 -1.247877
1992 0.151233 0.587413 -1.350222
1003 -0.396776 0.153039 -1.297361
1844 0.228951 0.184877 -1.256979
792 0.073639 -0.793209 -0.730939
182 -0.406845 -1.801336 -0.749697
739 0.450664 -1.141374 -0.674070
2201 0.107254 0.611194 -1.317860
2216 0.345214 0.211749 -1.215311
459 -0.387440 0.085200 -1.042040
349 -0.625830 0.079710 -1.130299
1039 0.431724 -0.123021 -1.066014
1692 -0.155975 -1.837199 -0.715719
879 0.269587 -0.116639 -1.089527
376 0.209548 0.104341 -1.149635
3 -0.116966 -1.189072 -0.673607
1219 -0.323009 0.155601 -1.221439
1458 -0.440973 -0.087288 -1.127873
590 0.413117 0.119423 -1.226125
338 -0.687668 -0.428042 -0.884815
968 0.236484 -0.579806 -0.898123
1186 0.103689 -0.357452 -0.932471
2165 -0.205232 -0.239929 -1.049815
1529 -0.063936 -1.302470 -0.674063
946 -0.083599 0.374258 -1.269011
1598 -0.647064 0.177190 -1.186001
1423 -0.431666 -0.136218 -1.140293
67 0.139842 -0.224436 -0.991028
997 -0.188285 -0.039797 -1.044885
1199 -0.015348 0.120048 -1.100920
876 -0.070325 -0.004627 -1.055771
119 0.044465 -0.013567 -1.073658
2095 0.087815 -0.014608 -1.108463
470 -0.640774 -0.292686 -1.048555
1260 0.191481 0.202388 -1.178758
999 -0.101831 -0.039621 -1.154393
28 -0.064548 -0.129732 -1.029791
2116 -0.069483 -1.535927 -0.650850
1463 0.473722 -0.128003 -1.078513
2031 0.092106 0.383143 -1.183275
1408 0.039336 -0.114677 -0.980764
1883 -0.489710 -0.378178 -1.013728
436 -0.099031 -0.198050 -1.026818
821 -0.164472 -1.338503 -0.646025
315 0.306159 0.038194 -1.050905
1146 0.187555 -0.202356 -0.996464
1175 0.249166 -0.165745 -1.035489
2020 0.080457 0.116703 -1.189358
