769 3
709 -0.795205 -0.559792 -0.500960
90 -0.406323 -0.768237 -0.596052
223 -0.615884 -0.777286 -0.344844
664 -0.321777 -0.739350 -0.687308
257 -0.615051 -0.359209 -1.001598
278 -0.457799 -0.526170 -0.871029
687 -0.445468 -1.070451 -0.160061
623 -0.595339 -0.683764 -0.532497
638 -1.007131 -0.415557 -0.562075
85 -1.139364 -0.544157 -0.282829
626 -1.060918 -0.462986 -0.446584
735 -0.957806 -0.403648 -0.615508
532 -1.086379 -0.476934 -0.433155
330 -0.339977 -0.720357 -0.719712
116 -1.232715 -0.496910 -0.287648
373 -1.058883 -0.610465 -0.241697
355 -0.703446 -0.415132 -0.807983
377 -0.408644 -0.649333 -0.770172
670 -0.856350 -0.520334 -0.528949
265 -0.847849 -0.568260 -0.456311
424 -1.018001 -0.490625 -0.437979
481 -0.843145 -0.518038 -0.558136
78 -0.227957 -0.405519 -1.360611
631 -0.779761 -0.276056 -0.992135
420 -1.266988 -0.491737 -0.270564
563 -0.584780 -0.260307 -1.219895
152 -0.588380 -0.309652 -1.138721
453 -1.185036 -0.621131 -0.149259
64 -1.000826 -0.325680 -0.707475
1 -0.610601 -0.565253 -0.674776
151 -0.970500 -0.457485 -0.514307
279 -0.078445 -0.833598 -0.872793
630 -0.231783 -1.063675 -0.372810
615 -0.370584 -0.487269 -1.081041
188 -1.334575 -0.508909 -0.230577
514 -1.080310 -0.409914 -0.509010
145 -0.921119 -0.421910 -0.629252
487 -0.798172 -0.537609 -0.556977
132 -0.083129 -0.824678 -0.856063
339 -1.454977 -0.470408 -0.195624
592 -0.528246 -0.436576 -0.948169
484 -1.247441 -0.367467 -0.464647
275 -0.251436 -0.932252 -0.505093
463 -0.588996 -0.140913 -1.451254
252 -0.724977 -0.586523 -0.543348
210 -0.361507 -0.401506 -1.229230
625 -0.187616 -0.849336 -0.668751
767 -0.467236 -1.096206 -0.108248
654 -1.238068 -0.467600 -0.338375
494 -0.169564 -0.764135 -0.822581
679 -0.241682 -1.266218 -0.139934
590 -1.207326 -0.637252 -0.125351
570 -1.470826 -0.267559 -0.455859
308 -0.627593 -0.860802 -0.271919
255 -0.129968 -0.595110 -1.167527
502 -0.364191 -1.236643 -0.066260
589 -0.523246 -1.021582 -0.160435
16 -1.380570 -0.398695 -0.346123
455 -0.111321 -0.886269 -0.739641
444 -0.973878 -0.608645 -0.324659
415 -0.060167 -0.557780 -1.315390
516 -0.423831 -0.452291 -1.057183
498 -0.375971 -0.535152 -0.970339
559 -0.248830 -0.777788 -0.729442
400 -0.972385 -0.365930 -0.641978
69 -0.761276 -0.406937 -0.785644
375 -0.299787 -0.609304 -0.942360
691 -0.652867 -0.355411 -0.963388
31 -0.871996 -0.066490 -1.295322
477 -0.128243 -0.701488 -0.999630
251 -0.732870 -0.262615 -1.068738
715 -0.849742 -0.957973 0.015655
158 -0.984640 -0.536676 -0.378324
142 -1.339536 -0.388034 -0.378399
361 -0.925974 -0.413451 -0.623079
538 -0.745990 -0.457046 -0.685524
730 -0.108426 -0.527178 -1.290145
694 -0.692743 -0.507075 -0.697368
716 -0.107738 -1.068027 -0.486227
301 -0.497256 -1.021641 -0.179748
82 -0.031387 -0.910172 -0.780917
436 -0.329123 -0.575336 -0.957862
511 -0.414883 -0.692612 -0.709952
390 -1.222620 -0.623709 -0.150185
567 -0.885717 -0.639917 -0.343614
114 -1.100610 -0.484249 -0.401748
421 -1.463272 -0.467509 -0.202432
56 -0.787778 -0.100234 -1.316217
524 -0.857139 -0.252714 -0.948340
748 -0.426717 -1.416166 0.173766
25 -0.491879 -1.294897 0.098460
465 -1.302585 -0.553989 -0.192093
745 -0.425075 -0.622332 -0.785512
249 -0.309987 -0.703517 -0.770058
42 -0.654814 -0.162578 -1.303411
550 -1.277113 -0.398773 -0.397024
202 -0.205020 -1.061244 -0.393967
155 -1.206737 -0.522671 -0.286642
383 -0.381772 -1.059376 -0.226900
483 -0.149520 -0.618476 -1.098565
36 -0.226532 -0.822894 -0.684586
591 -0.065772 -0.549493 -1.316499
495 -0.600310 -0.244064 -1.234489
175 -0.509962 -0.559198 -0.778943
578 -0.829896 -0.125903 -1.230718
429 -0.372602 -0.711414 -0.686775
342 -0.723388 -0.629046 -0.494230
672 -0.777012 -0.681652 -0.367768
190 -1.423233 -0.369456 -0.349665
519 -1.429596 -0.225044 -0.547084
146 -0.244811 -0.657847 -0.945188
534 -0.891761 -0.699478 -0.269278
62 -0.078112 -0.577489 -1.223979
544 -1.257321 -0.388198 -0.424145
120 -0.086856 -0.777737 -0.944054
165 -0.324144 -0.658465 -0.842603
574 -0.835527 -0.057141 -1.369940
321 -1.382347 -0.321462 -0.447838
5 -0.433062 -0.593665 -0.826870
335 -0.091134 -0.842163 -0.827100
647 -0.613726 -0.123829 -1.468450
657 -0.836341 -0.819803 -0.150156
503 -0.650048 -0.513205 -0.726603
12 -0.156466 -0.896775 -0.670506
154 0.136450 -0.900167 -1.054153
276 -0.124086 -0.775093 -0.902529
666 -1.325893 -0.418681 -0.367376
659 -1.136488 -0.491125 -0.365687
196 -1.544232 -0.379985 -0.277435
296 -0.821344 -0.706096 -0.310540
77 -1.263492 -0.595949 -0.172161
756 -0.622587 -0.077176 -1.549738
127 -0.932866 0.052069 -1.471462
18 -0.266677 -0.660253 -0.873362
323 -0.650775 -0.307636 -1.055365
720 -1.148270 -0.451427 -0.396295
413 -0.244118 -0.619105 -0.990185
705 -0.463143 -1.491471 0.246325
718 -0.362285 -1.480508 0.153243
459 -0.506900 -1.192088 0.000549
431 -0.882649 -0.821567 -0.120243
526 -0.765912 -0.065522 -1.432229
440 0.025164 -0.714463 -1.125874
621 -0.671712 -0.894432 -0.160959
576 -0.661623 -0.357837 -0.973783
605 -1.698519 -0.265672 -0.336886
381 -1.168519 -0.520216 -0.319544
750 -0.301410 -0.590988 -0.944253
341 -0.573450 -0.391777 -1.025483
418 -1.416547 -0.524751 -0.175920
554 -0.195139 -0.718744 -0.881323
651 -0.632217 -0.183818 -1.308722
83 -0.086101 -1.463548 -0.094378
101 -0.569436 -0.837100 -0.332538
161 -0.901832 -0.490220 -0.520623
96 -0.263535 -0.657567 -0.941608
689 -0.319638 -0.778303 -0.599607
726 -0.874760 -0.014829 -1.361915
81 -0.071069 -0.697913 -1.102883
562 -1.612832 -0.546084 -0.017294
280 -0.139169 -0.768215 -0.862369
43 0.056578 -0.920334 -0.917167
180 -0.950885 -0.838320 -0.063737
555 -0.162206 -0.696514 -0.939473
490 -1.316030 -0.336888 -0.487192
156 -0.581720 -0.209376 -1.346041
195 -0.415063 -0.389502 -1.138393
27 -1.168258 -0.621346 -0.169903
537 -0.332036 -1.289484 -0.021561
571 -0.004531 -0.816118 -0.970577
325 -1.280676 -0.504584 -0.258616
389 -0.580764 -0.290958 -1.130552
649 -0.933932 -0.653410 -0.286189
656 -0.062365 -0.877350 -0.787786
499 -0.133088 -0.874448 -0.711964
473 -0.976441 -0.622464 -0.306873
549 -0.803355 -0.029358 -1.436729
482 -1.116501 -0.765725 -0.035792
226 -0.498688 -0.703303 -0.572672
512 -1.280002 -0.462577 -0.305692
732 -0.338717 -0.556654 -0.939975
641 -0.275575 -0.656848 -0.913930
515 -0.139800 -0.494611 -1.328131
243 -0.903629 -0.411255 -0.631829
113 -1.531124 -0.395103 -0.245877
433 -0.322865 -0.781750 -0.631833
443 -0.707964 -0.191682 -1.198160
236 -0.677692 -1.056556 -0.021726
759 -0.016539 -1.411847 -0.210589
371 -0.468854 -1.163924 -0.050214
268 -0.041101 -0.832660 -0.925261
754 -0.220491 -0.594911 -1.064282
525 -0.136587 -0.903930 -0.669954
170 -0.278218 -0.790030 -0.700571
609 -0.498672 -0.488794 -0.907844
601 -0.450159 -1.307954 0.047321
149 -0.321629 -1.430062 0.104210
378 -1.430887 -0.347626 -0.386565
167 -0.144064 -0.473687 -1.368673
539 -0.670757 -0.086732 -1.510533
333 -1.397687 -0.385751 -0.367438
244 -1.511186 -0.493832 -0.161693
632 -1.183415 -0.454162 -0.386465
205 -0.935805 -0.491923 -0.512329
242 -0.352412 -0.477264 -1.105545
197 -0.852206 -0.587456 -0.428907
404 -0.285665 -1.141365 -0.246646
746 -0.361270 -0.973532 -0.349906
719 -1.235070 -0.589293 -0.189224
434 -0.294816 -0.395820 -1.318915
186 -0.844497 0.082884 -1.630127
133 -0.932912 -0.081297 -1.209231
166 0.057328 -1.082402 -0.633123
469 -0.117032 -0.920987 -0.696700
528 -0.750692 0.005246 -1.607922
228 -0.471994 -1.370488 0.151144
624 -1.439718 -0.539295 -0.132644
295 -1.063892 -0.550901 -0.334449
203 -1.471641 -0.497708 -0.144029
476 -0.347764 -0.542885 -0.986130
291 0.000759 -0.758132 -1.072870
552 -0.003964 -1.065835 -0.638606
58 -1.485507 -0.399659 -0.266578
39 -0.185561 -0.808785 -0.775411
57 -0.574561 -0.205490 -1.368152
738 -0.427330 -0.536668 -0.908121
445 -0.571606 -0.669325 -0.557600
263 -1.376846 -0.459376 -0.273775
352 -0.629897 -0.998715 -0.100197
312 -0.312610 -0.612813 -0.927553
229 -0.206690 -0.684677 -0.941006
95 -0.957572 -0.732766 -0.173218
70 -0.919721 0.088885 -1.580226
454 -0.360512 -0.597482 -0.884302
144 -0.969682 -0.102291 -1.085585
700 -0.658259 -0.863671 -0.251395
253 -0.327394 -0.807125 -0.599030
261 -1.394356 -0.545454 -0.159606
266 -0.281706 -0.686773 -0.825194
270 -0.232248 -0.613104 -0.993450
364 -0.035285 -0.974674 -0.693238
736 -1.231287 -0.617055 -0.159846
305 -0.556329 -0.350720 -1.052177
176 -0.569828 -0.837092 -0.330640
2 -0.719144 -0.619963 -0.492180
171 -0.200297 -1.131210 -0.322046
367 -1.332006 -0.889304 0.243731
520 -0.577106 -0.901058 -0.253301
245 -0.163838 -0.640458 -1.048904
298 -0.751172 -0.411133 -0.791763
448 -0.025621 -0.876412 -0.840067
384 -1.056623 -0.297167 -0.709772
717 -0.223052 -0.471022 -1.287229
416 -0.396862 -1.569389 0.280089
334 -0.772963 0.017842 -1.604384
314 -0.752129 -0.089854 -1.391185
220 -0.899692 -0.083145 -1.183218
191 -1.319987 -0.573659 -0.153633
763 -0.927628 0.012494 -1.397504
198 -0.308258 -0.514949 -1.091312
21 -0.425969 -0.677503 -0.680557
332 -0.976287 -0.822851 -0.025031
557 -0.082308 -0.534242 -1.331216
248 -0.366453 -0.751548 -0.646146
395 -0.587050 -0.676752 -0.527903
60 -0.020794 -0.936781 -0.780608
183 -0.734910 -0.129785 -1.316127
286 -0.719630 -0.393445 -0.826203
14 -0.172740 -1.304605 -0.161155
396 -0.702967 -0.546732 -0.622948
707 -0.269737 -1.150017 -0.247971
283 -1.161602 -0.408907 -0.442414
338 -1.026588 0.043178 -1.367073
376 -0.155297 -0.828184 -0.782884
200 -0.882301 0.067225 -1.578363
285 -0.651131 -0.084803 -1.482956
93 -0.378253 -0.320860 -1.359124
79 -0.227340 -0.757392 -0.794785
561 -0.364095 -1.016840 -0.292280
556 -0.077034 -1.450404 -0.124794
446 -1.335337 -0.371152 -0.414130
59 -0.257242 -1.511995 0.094620
199 -0.383903 -1.216724 -0.062302
168 -0.389153 -1.526090 0.221788
560 -0.961168 -0.465916 -0.506885
742 -0.598289 -1.118103 -0.014164
30 -0.164790 -0.807453 -0.801690
393 -1.475742 -0.670884 0.045644
118 0.149461 -0.891637 -1.118804
103 -0.201334 -0.521768 -1.188227
131 -1.569907 -0.364881 -0.278468
636 -0.492217 -0.747743 -0.523499
368 -1.665592 -0.313088 -0.279534
304 -1.534001 -0.319192 -0.377967
315 -1.353745 -0.348129 -0.424452
541 -0.431192 -1.465059 0.183555
442 -0.651383 -0.571035 -0.623711
432 -0.316714 -0.779578 -0.630101
646 -0.724394 -1.223743 0.184775
45 -0.491943 -0.764609 -0.487647
63 -0.130588 -0.480658 -1.389870
668 -1.416031 -0.509969 -0.160920
174 -0.801007 -0.544315 -0.539110
685 -0.399294 -0.603295 -0.845888
652 -0.825599 -0.388480 -0.751839
74 2.493688 -6.432661 -3.619025
423 -0.096683 -1.306936 -0.223249
310 -0.051005 -1.192260 -0.384912
671 -0.895299 0.058418 -1.531600
26 -0.439064 -0.937882 -0.324527
241 -0.751557 -0.010901 -1.532565
38 -0.420377 -1.622324 0.308988
517 -1.502883 -0.395629 -0.264453
214 -0.915688 -0.490857 -0.526265
35 -2.694103 -3.713451 -2.980413
147 -2.611914 -3.723946 -2.870560
366 -0.779888 -0.568709 -0.497586
169 1.339857 -7.574955 -1.150980
437 1.278965 -7.598426 -1.059054
678 -0.913354 -0.259412 -0.870835
130 -0.234203 -1.000102 -0.455353
13 2.480435 -6.321992 -3.614045
697 -0.842247 -0.093400 -1.262286
765 -1.221118 -0.644192 -0.138606
582 -0.047280 -0.841026 -0.887591
522 -0.333856 -0.703722 -0.697672
406 -0.412613 -0.833324 -0.487694
479 -0.743476 -0.492781 -0.666132
106 2.479901 -6.399846 -3.595572
682 -0.426249 -1.256865 0.007561
117 -1.515336 -0.276195 -0.433630
722 -1.524264 -0.568799 -0.078859
640 -0.953179 0.082800 -1.536637
458 -1.165953 -0.433787 -0.421815
587 -0.179144 -1.055248 -0.416037
328 -0.612092 -1.164906 0.041140
322 -0.869058 -0.911692 -0.038190
48 -1.577504 -0.367704 -0.275766
500 -0.806953 0.065873 -1.665708
460 -0.095292 -0.814474 -0.873010
239 -0.949657 -0.833377 -0.063505
218 0.058426 -0.836432 -1.030569
768 -0.351464 -0.417295 -1.219685
20 -0.182260 -0.401235 -1.457032
232 0.027054 -0.860677 -0.940985
425 -0.055900 -0.468008 -1.499745
309 -0.510457 -0.636341 -0.660230
596 -1.021697 -0.402060 -0.582120
598 -0.684147 -0.575510 -0.578997
15 -1.646245 -0.375422 -0.233580
320 -0.181896 -0.398440 -1.446849
422 0.026764 -0.662085 -1.272758
619 -0.244210 -0.563916 -1.071955
307 -1.107257 -0.581426 -0.272311
192 -1.257513 0.137809 -1.330672
294 -1.224065 -0.717801 -0.046417
216 -0.927333 -0.694197 -0.245393
140 -0.411868 -0.595981 -0.844891
53 -0.991574 0.026889 -1.365986
302 -0.075256 -0.490322 -1.389313
153 -0.637921 -0.549796 -0.685323
452 -0.028003 -0.470461 -1.523221
724 -1.534154 -0.511779 -0.111467
177 -1.279354 -0.582740 -0.161958
65 -1.466514 -0.483575 -0.205928
160 0.209961 -1.196353 -0.727580
676 -0.317670 -0.667614 -0.814589
769 0.227065 -1.003888 -1.037165
760 -1.115216 -0.260832 -0.695107
486 -1.138625 -0.496544 -0.360122
607 -1.475522 -0.347192 -0.340365
141 -0.531224 -1.109441 -0.065573
695 -0.128129 -1.021022 -0.528390
558 -0.753586 -0.607479 -0.487319
343 -0.125530 -0.836495 -0.793834
256 -0.168591 -0.474731 -1.335023
602 -0.271898 -0.611190 -0.975142
162 -0.248596 -0.732222 -0.779665
72 -0.120366 -0.802111 -0.863998
187 -1.568709 -0.461205 -0.151418
457 -0.419547 -0.835970 -0.479780
365 -0.459049 -0.618376 -0.725041
61 -0.338552 -1.183398 -0.145325
595 -0.353417 -1.452900 0.130269
224 -0.079399 -0.815411 -0.902033
344 0.039029 -0.870224 -0.952112
620 0.074900 -0.602122 -1.414207
642 -1.218051 -0.450784 -0.350209
345 -0.001113 -0.455351 -1.642228
126 -0.414638 -0.970128 -0.302422
8 -0.493511 -1.146513 -0.058592
353 -0.978595 -0.460109 -0.524977
213 -0.816191 -0.507319 -0.594787
530 -0.943368 -0.837190 -0.052776
714 -0.189742 -0.352321 -1.584002
645 0.045583 -0.888529 -0.884822
543 -0.783067 -0.591796 -0.485072
105 -1.466703 -0.364108 -0.317375
658 -0.819309 -0.400907 -0.722418
447 -1.067644 -0.567503 -0.300008
89 -0.575494 -1.088220 -0.055635
71 -0.174462 -0.780690 -0.813031
497 -1.614262 -0.292443 -0.355304
692 0.067895 -0.873798 -0.987522
136 -0.137245 -0.995715 -0.542249
472 -1.329670 -0.541731 -0.173493
669 -0.161310 -0.839885 -0.764404
86 -0.022229 -0.479550 -1.530657
644 -0.834927 -0.388912 -0.744622
319 -0.040194 -0.473716 -1.555922
688 -1.446160 -0.330060 -0.389294
49 -1.148947 -0.458475 -0.404995
728 -1.592240 -0.321980 -0.317782
508 -0.418561 -0.848575 -0.456767
6 -0.885269 -0.052334 -1.299308
407 -0.106846 -0.786762 -0.896485
660 -1.148719 -0.549178 -0.285073
653 -0.193164 -1.258097 -0.187278
54 -0.203055 -0.661502 -0.914661
10 -0.589492 -1.575550 0.405288
665 -0.674391 -0.894546 -0.181681
293 -0.961733 -0.531182 -0.433163
211 -0.816850 0.017174 -1.509956
614 -1.067268 -0.513067 -0.397858
737 0.050684 -1.166352 -0.562256
250 -0.504239 -0.168222 -1.535328
535 0.081637 -1.115588 -0.678006
438 -1.097865 -0.526283 -0.348172
485 -0.648648 -0.406939 -0.882342
650 -0.367399 -0.536747 -0.954792
260 -1.265975 -0.585307 -0.171230
634 -0.924513 -0.743706 -0.179201
289 -0.885103 -0.141177 -1.132265
84 -0.839456 0.134220 -1.763774
747 -1.409673 -0.457917 -0.264052
462 -0.583703 -0.420363 -0.924335
271 0.149994 -0.935696 -0.987241
565 -0.372454 -0.419768 -1.135742
208 -0.333912 -0.904982 -0.439743
234 -1.015591 -0.470437 -0.498804
41 -1.559509 -0.299527 -0.336444
603 -0.389041 -1.602119 0.254540
593 -1.284525 -0.389494 -0.412184
267 -0.127493 -0.479642 -1.343512
521 -0.992481 -0.468799 -0.494542
584 -0.061694 -0.523629 -1.398428
683 -0.026729 -1.415854 -0.206996
88 -0.369405 -1.109381 -0.178634
755 -0.468177 -0.207774 -1.457231
164 -0.653777 -0.628122 -0.537209
47 -0.903904 -0.599815 -0.368504
227 -0.655117 -0.240002 -1.193317
701 -0.934641 -0.370546 -0.691174
510 -1.435164 -0.344475 -0.379420
44 -0.770864 -0.909889 -0.095159
699 -1.179487 -0.375098 -0.495448
385 -0.779482 -0.813499 -0.194716
604 -0.064232 -0.893823 -0.750984
762 -0.363216 -0.722184 -0.678410
259 -0.675548 -0.379043 -0.898351
138 -1.568393 -0.416914 -0.204261
379 -0.718987 -0.145275 -1.299457
611 -1.523674 -0.472298 -0.160047
419 -1.485078 -0.469011 -0.178586
468 -0.661738 -0.738796 -0.347289
585 -0.776979 -0.597955 -0.469555
348 -0.048165 -0.880473 -0.814098
675 -1.025715 -0.566995 -0.320470
677 -1.285292 -0.647339 -0.103710
225 -1.078415 -1.538238 0.697269
277 -0.730282 -0.671050 -0.426239
467 -0.860080 -0.665324 -0.313273
489 -0.455039 -0.787086 -0.513624
235 0.129698 -0.547807 -1.667014
209 -0.597454 -1.170337 0.038821
217 -0.207376 -0.840591 -0.692844
529 -0.226998 -0.945632 -0.523637
115 -0.051771 -0.518115 -1.414568
600 -1.347629 -0.462068 -0.268186
110 -1.415510 -1.126486 0.524613
354 0.198148 -1.030138 -0.915205
179 -0.828136 -0.381200 -0.764597
137 -1.115916 -0.155374 -0.908995
391 -1.000154 -0.476195 -0.490945
52 -0.933803 -0.708564 -0.226043
628 -0.658467 -0.068341 -1.504514
281 -0.064209 -1.079763 -0.528027
247 -1.278208 -0.510689 -0.254686
336 -0.033255 -1.029320 -0.576235
287 -1.269706 -0.674720 -0.060598
357 0.132714 -0.924723 -1.010677
752 -0.278085 -0.714262 -0.796731
284 -0.696100 -0.599654 -0.536765
119 -0.282385 -0.607420 -0.887537
427 -1.415125 -1.034688 0.393244
173 -0.908309 0.015246 -1.466531
392 -1.514699 -0.257712 -0.460521
643 -0.501085 -0.255669 -1.303568
480 -1.005367 -0.546722 -0.382684
417 -0.307154 -1.047096 -0.339718
369 -0.248040 -0.638017 -0.885729
586 0.255442 -1.132994 -0.848456
451 -1.044048 -0.536391 -0.371338
764 -1.367772 -0.562699 -0.126770
733 -1.041379 -0.626455 -0.241913
617 -1.710808 -0.303379 -0.297548
331 0.132488 -1.400598 -0.409380
148 -0.718886 -0.689734 -0.397916
639 -1.034799 -1.307707 0.462927
637 0.007201 -0.571315 -1.375669
488 -0.142124 -0.587982 -1.176516
150 -0.514701 -1.547860 0.304703
758 -0.683176 -0.196145 -1.244545
491 -1.249309 -0.554450 -0.232219
588 -1.286182 -0.470544 -0.290783
50 -1.270820 -1.643653 0.856592
102 -0.699997 -1.809405 0.660406
139 -1.081580 -0.298939 -0.683654
91 -1.186610 -0.424720 -0.419411
412 -1.662474 -0.513559 -0.069704
399 -1.529329 -0.973728 0.417975
282 -1.733618 -0.462326 -0.100848
478 -0.121645 -0.768611 -0.914102
409 -1.160581 -1.128960 0.402862
29 -1.083501 -0.953010 0.125739
356 -0.130586 -0.791334 -0.844772
450 -0.805158 -0.810256 -0.189474
405 -0.260443 -1.374184 -0.030929
107 -0.060077 -0.937450 -0.725702
346 0.191648 -1.076611 -0.846021
122 -0.436386 -0.655803 -0.706537
408 -0.211531 -0.913987 -0.563072
696 -1.142148 -0.596317 -0.240058
475 -0.850312 -0.443935 -0.664938
518 -0.368886 -0.780932 -0.616392
435 -0.599993 -0.602776 -0.614260
655 -0.661279 -1.766513 0.529007
618 -1.181948 -0.634755 -0.142943
380 -1.531232 -0.421833 -0.255746
568 0.191008 -1.017595 -0.978106
698 -1.462083 -0.453558 -0.239093
757 -1.212266 -0.501870 -0.306802
564 -1.096112 -0.383318 -0.520340
362 -0.541693 -1.684666 0.448773
258 0.185495 -1.376454 -0.468713
612 -0.923644 0.051193 -1.477056
706 -0.672476 -0.244506 -1.126141
219 -1.322856 -0.328975 -0.474412
28 -1.308889 -0.432245 -0.307475
493 -0.610798 -0.722501 -0.438378
667 0.051862 -0.914320 -0.880098
185 -1.231506 -0.350301 -0.469548
313 -0.186439 -0.498922 -1.238436
33 -1.144523 -0.542129 -0.281090
231 0.234496 -1.173579 -0.787571
17 -1.611846 -1.006835 0.456803
509 -0.545998 -0.620585 -0.667049
4 -0.378022 -0.788291 -0.591614
230 -1.195708 -0.568033 -0.253355
386 -1.303651 -0.493469 -0.269787
128 -0.225797 -0.439216 -1.268616
80 0.749640 -1.531205 -0.885128
449 -1.124812 -0.524782 -0.301956
439 -1.359067 -0.715824 0.041266
97 -0.550246 -0.601937 -0.626299
143 -1.431290 -0.766199 0.110459
569 -0.625616 -1.909885 0.633513
66 -0.558345 -0.729611 -0.475826
710 -0.426827 -0.715602 -0.550126
178 -0.528486 -0.196089 -1.394692
739 -0.419102 -0.984973 -0.272867
125 -0.415880 -1.030380 -0.217348
731 -0.565183 -2.214072 0.795541
766 -1.199794 -0.713177 -0.059705
729 -0.620036 -0.184828 -1.327930
303 -0.588053 -0.577716 -0.685455
610 -0.758051 -0.850337 -0.169174
690 -1.293204 -0.346348 -0.427075
546 -0.024108 -0.820157 -0.922392
580 -0.324343 -1.333139 -0.006471
290 -1.177645 -0.625410 -0.155259
311 0.059321 -0.931766 -0.886483
613 -0.264886 -1.654183 0.194420
711 -0.727949 -0.620357 -0.470050
112 -0.932450 -0.600462 -0.376497
616 -0.693416 -1.907304 0.688191
461 -1.411815 -0.203209 -0.577808
577 -0.788728 -0.674547 -0.352456
273 -0.272706 -0.701787 -0.834281
240 -0.336581 -0.778984 -0.624214
466 -1.311798 -0.614500 -0.108117
51 -0.915955 -0.927212 0.068134
648 -1.451889 -0.343758 -0.384961
727 -0.880233 -0.887209 -0.031427
430 0.147873 -1.298328 -0.498560
496 0.010944 -1.215923 -0.470932
411 -0.327208 -0.211712 -1.590678
212 0.167960 -1.155371 -0.708020
464 -1.560407 -0.353642 -0.299146
157 -0.452196 -1.236460 0.016932
599 -1.188421 -1.135815 0.420571
238 -0.410190 -0.851388 -0.472615
23 0.144094 -1.414541 -0.386077
292 -0.127344 -1.358980 -0.164843
316 -1.252780 -1.229711 0.513562
124 -0.586055 -0.458641 -0.834157
740 -0.626937 -2.076782 0.739321
233 -0.235197 -1.533213 0.071570
663 -1.404320 -0.381230 -0.347421
721 -1.438647 -0.392737 -0.305610
397 -1.670783 -0.354239 -0.236209
76 -1.074826 -0.622087 -0.247217
222 -0.332517 -0.718683 -0.715166
594 -0.678924 -0.472310 -0.712468
22 -0.414717 -0.524152 -0.884427
506 -0.414490 -1.056551 -0.171874
104 -1.533951 -1.365735 0.717095
135 -0.028645 -0.879801 -0.822918
46 -0.781840 -0.732036 -0.292788
189 -0.439230 -0.526930 -0.809327
702 -0.123297 -0.856476 -0.782028
388 -1.459145 -1.430313 0.772982
129 0.051287 -0.544551 -1.505707
288 -0.154121 -0.812946 -0.743445
635 -0.639817 -0.144803 -1.379828
299 -0.104751 -0.404284 -1.571383
622 -0.608122 -0.619535 -0.557728
470 -0.412031 -0.557904 -0.845847
761 -0.529021 -0.971226 -0.189183
246 -0.367651 -0.512240 -0.949207
387 0.311385 -1.331903 -0.561017
215 -1.103034 -0.500191 -0.402826
414 0.156848 -1.196198 -0.635742
753 -1.273459 -0.430760 -0.369358
573 -0.656904 -0.582604 -0.588133
606 0.127069 -0.970257 -0.901557
548 -1.370308 -0.501557 -0.172090
274 -0.934186 -0.233317 -0.910491
194 -0.126839 -0.904140 -0.662656
572 -1.571779 -0.374389 -0.253024
358 -0.042398 -0.492562 -1.466066
55 -0.530272 -0.811732 -0.399393
32 0.364703 -1.132944 -1.064424
359 -0.827942 -0.699764 -0.322201
441 -1.410759 -0.577378 -0.092990
351 -0.996898 -0.417644 -0.528385
686 -0.224418 -0.569111 -1.091235
674 -1.131546 -0.617652 -0.215999
349 -0.452840 -0.523616 -0.829784
87 -1.413826 -1.432559 0.738605
201 -0.385317 -0.971428 -0.324695
254 -0.763060 -0.688611 -0.370401
327 0.417662 -1.326441 -0.772266
681 -1.398274 -0.486515 -0.224105
370 0.232043 -0.803168 -1.194535
374 -0.842042 -0.268639 -0.958107
347 -1.840846 -0.199336 -0.385718
513 -0.571052 -0.694692 -0.433255
723 -0.302288 -0.339817 -1.396108
661 0.085400 -1.048079 -0.750241
547 -1.184450 -0.782923 -0.016371
673 -0.602031 -0.666486 -0.428334
492 -0.583809 -0.577238 -0.684782
734 -1.170781 -0.520037 -0.319235
545 -0.040005 -0.843075 -0.755413
551 -0.213897 -0.769273 -0.616142
108 -0.025758 -0.889153 -0.816050
382 -0.601757 -0.340701 -1.037120
134 -0.700442 -0.636848 -0.487771
329 -0.203803 -0.774249 -0.669956
73 -0.466377 -1.391026 0.155451
703 -0.765115 -0.614032 -0.488060
523 -1.145547 -0.587135 -0.270946
3 -0.952345 -0.950083 0.061254
579 -0.323037 -1.123884 -0.208501
350 -0.567758 -0.809254 -0.397172
471 -0.630747 -0.871064 -0.262097
67 -0.459143 -0.547869 -0.844136
680 0.036353 -0.958713 -0.723196
553 -1.353921 -0.491596 -0.270976
193 0.248715 -1.682906 -0.225450
337 -0.727713 -0.533370 -0.589780
741 -0.513656 -0.487088 -0.893990
725 -0.997093 -0.591167 -0.322135
121 0.441242 -1.252864 -0.847958
608 -0.333552 -0.653970 -0.842752
749 -0.684250 -0.499081 -0.686115
504 -0.576647 -0.569131 -0.705283
7 0.061382 -0.604659 -1.397863
37 -0.819274 -0.795154 -0.088627
98 -0.938188 -0.585373 -0.391912
109 -0.491659 -0.401179 -1.045517
237 0.068092 -0.915973 -0.841300
172 -0.591527 -0.654683 -0.552486
542 -0.509839 -0.579269 -0.671418
597 0.351157 -1.486061 -0.497355
627 -1.292119 -0.453247 -0.378256
629 0.790309 -1.453550 -1.090683
402 0.329544 -1.194636 -0.676659
340 -0.876344 -1.040932 0.069844
527 0.785611 -1.530997 -0.913060
181 -0.836574 -0.432269 -0.575042
684 -0.459039 -0.553895 -0.820564
403 -0.819363 -0.495228 -0.603058
326 -0.406856 -0.585076 -0.857907
324 0.190603 -1.177348 -0.775614
712 -0.639605 -0.747353 -0.412383
501 -0.621863 -0.678882 -0.351013
24 -0.779768 -0.982818 0.129781
575 -0.651257 -0.535940 -0.657240
68 -0.711545 -0.287508 -1.068305
9 -0.598800 -0.693217 -0.522668
474 0.625865 -1.326672 -0.961921
206 -0.529939 -0.740396 -0.337683
540 0.181077 -1.355857 -0.465314
633 -0.646656 -1.055897 -0.058992
751 -0.804770 -1.105321 0.302967
363 -0.086037 -0.596416 -1.152716
426 -0.966456 -0.529231 -0.442671
662 -0.680601 -0.540211 -0.530377
743 0.079413 -0.821315 -0.929750
300 -0.273825 -1.054187 -0.342896
92 -1.081192 -0.455850 -0.482428
456 -0.302853 -0.921421 -0.460125
94 -0.705411 -0.697401 -0.439327
204 -1.251013 -0.717313 -0.063220
410 -0.961438 -0.725135 -0.169132
159 0.058546 -1.130256 -0.616802
262 -0.138716 -1.058233 -0.520296
269 -0.560381 -0.499143 -0.805819
11 -0.617376 -0.773879 -0.419972
428 -0.802654 -0.603089 -0.459531
566 -0.490424 -0.802538 -0.468311
505 -0.667536 -0.736832 -0.444757
398 -0.450191 -0.707942 -0.558568
40 -0.907494 -0.792775 -0.082222
306 -0.197908 -0.750738 -0.849141
19 -0.209236 -0.775460 -0.698601
693 -1.030656 -0.646251 -0.353878
583 -0.602822 -1.317088 0.271629
533 -1.077303 -0.509409 -0.421931
182 0.109659 -1.325729 -0.381965
531 -0.299651 -0.879608 -0.599377
401 0.041058 -0.764179 -0.857745
123 -0.291114 -0.880235 -0.659542
264 0.069250 -1.147983 -0.410058
297 -0.214130 -0.647049 -0.888194
272 -0.549394 -0.591115 -0.636455
221 -0.306620 -0.438388 -1.182253
34 -0.255984 -0.845092 -0.724817
184 -0.408167 -0.412483 -1.177396
317 -0.137192 -0.788953 -0.985427
708 -0.604704 -0.507618 -0.738386
207 -0.518109 -0.643759 -0.637661
318 -0.409697 -0.733033 -0.676464
163 -0.501649 -0.728786 -0.564730
100 -0.371801 -0.855737 -0.554527
111 -0.761788 -0.681436 -0.370291
713 -0.728560 -0.759711 -0.350536
507 -0.543087 -0.754599 -0.446667
536 -0.576339 -0.633590 -0.600402
372 -0.341479 -0.879293 -0.492894
704 -0.427916 -0.625670 -0.750618
75 -0.261326 -0.972428 -0.543268
360 -0.297918 -0.916164 -0.573450
744 -0.455489 -0.269884 -1.331188
99 -0.442472 -0.822621 -0.455597
581 -0.512637 -0.754294 -0.489477
394 -0.325560 -0.878683 -0.518309
