962 3
679 -0.892729 -0.431758 0.462486
889 -0.979537 -0.498149 0.379865
873 -0.914827 -0.522555 0.448986
646 -0.760083 -0.535041 0.559750
147 -1.033029 -0.312709 0.433310
562 -0.968002 0.007804 0.594132
830 -0.482889 -0.727273 0.764409
103 -1.133562 -0.328872 0.332845
293 -1.071427 -0.150720 0.459858
315 -1.352965 -0.185844 0.234065
155 -1.066621 0.065545 0.550424
808 -0.526219 -0.703483 0.718077
236 -1.210254 -0.290376 0.299756
230 -0.562493 -0.511050 0.743077
328 -0.824490 -0.479709 0.522861
373 -0.458305 -0.663053 0.803400
204 -0.944939 -0.298349 0.488171
892 -0.820275 -0.208630 0.616937
309 -0.806444 -0.245536 0.641898
413 -0.466907 -0.756725 0.747534
260 -0.985412 -0.073822 0.556561
747 -0.419471 -0.474968 0.908596
709 -0.804463 -0.402469 0.584798
270 -1.160946 -0.097940 0.409403
710 -0.533669 -0.561956 0.768183
321 -1.513574 0.028755 0.221600
275 -0.706089 -0.967580 0.489956
617 -0.996161 -0.474315 0.389653
311 -1.275331 -0.754956 0.103859
805 -0.467539 -0.922784 0.719588
748 -0.788757 -0.440514 0.571365
526 -0.979300 -0.291523 0.492370
529 -0.802378 -0.506348 0.560476
718 -1.278397 -0.599832 0.141193
456 -0.446560 -0.781446 0.780631
206 -0.572124 -0.632577 0.711195
856 -1.117880 -0.387722 0.330525
246 -0.484727 -0.660469 0.797223
160 -0.938664 -0.472970 0.432819
669 -0.839361 -0.322759 0.574606
229 -0.956098 -0.330341 0.470493
866 -0.925047 -0.018327 0.622876
52 -0.422798 -0.487550 0.901545
958 -0.437731 -0.654080 0.842103
633 -0.091665 -0.598273 1.238618
214 -0.409831 -0.584819 0.883582
222 -0.723340 -1.119644 0.433391
746 -0.777224 -0.424076 0.592116
592 -0.919416 0.190158 0.708484
795 -0.470362 -0.827671 0.760863
555 -0.565110 -0.999789 0.620707
760 -0.688091 -0.102994 0.794150
558 -1.068214 -0.337857 0.401194
908 -0.741819 -0.232316 0.688323
837 -0.592372 -0.813006 0.636597
291 -1.190702 -0.172235 0.354787
265 -0.779699 -0.841715 0.457364
495 -0.705699 -0.578360 0.601250
416 -0.419816 -0.517686 0.863936
792 -1.154515 -0.147569 0.389135
656 -1.279082 -0.010085 0.362331
64 -0.573661 -0.783144 0.659872
154 -0.631581 -1.186507 0.511492
860 -0.576101 -0.534437 0.740321
938 -1.262834 -0.614533 0.151408
895 -1.408202 0.277969 0.391000
163 -0.593824 -0.741191 0.662139
184 -0.598732 -1.095956 0.558690
405 -0.648541 -0.629270 0.647019
302 -1.260378 -0.241502 0.275439
806 -0.638709 -0.661650 0.632317
419 -0.473200 -0.706108 0.792279
146 -0.582658 -0.516433 0.734596
754 -1.256785 -0.492685 0.183183
671 -1.048879 0.022319 0.553954
132 -0.773947 -0.489242 0.575970
128 -1.168382 -0.498591 0.254345
261 -1.029878 -0.111897 0.508373
501 -0.519639 -0.904231 0.679070
627 -0.564626 -0.976548 0.589702
649 -1.509897 -0.185824 0.134385
255 -0.733352 -0.723252 0.546254
256 -1.066089 -0.293779 0.407604
145 -0.657865 -0.970039 0.534820
793 -0.858445 -0.378554 0.543300
299 -1.398801 0.077755 0.327499
645 -0.935609 -0.291653 0.498198
329 -0.360338 -0.981584 0.810797
101 -0.835998 -0.341695 0.572143
644 -0.825268 -0.678667 0.462200
149 -0.856829 -1.120380 0.325533
19 -0.918370 -0.581528 0.410578
312 -0.780663 -0.717948 0.499389
940 -0.632825 -0.957669 0.564577
579 -0.683394 -0.687084 0.569917
410 -1.495711 -0.142137 0.164940
134 -1.085985 0.108872 0.537141
574 -0.684524 -0.937042 0.520627
436 -1.079827 -0.085013 0.476333
575 -0.591804 -0.915655 0.586387
650 -0.920714 -0.161288 0.567911
888 -0.694303 -0.519023 0.633359
870 -0.240268 -0.393250 1.143060
716 -1.346316 -0.293989 0.209186
161 -0.854017 -0.023616 0.687213
781 -0.730085 -0.585385 0.575471
496 -0.893569 -0.436341 0.493105
403 -0.533844 -0.620569 0.740199
250 -1.135363 0.136994 0.522403
264 -1.228646 0.061623 0.431181
232 -1.277532 -0.545944 0.168177
580 -0.598805 -1.065440 0.562470
268 -0.491285 -0.590193 0.814238
238 -0.524715 -0.828102 0.701997
203 -0.839697 -0.156393 0.645104
879 -0.986662 -0.834878 0.275138
489 -0.594609 -0.757567 0.654513
313 -0.877191 -0.422832 0.509027
249 -0.692859 -0.157304 0.752841
48 -1.606614 0.003408 0.151715
550 -0.685394 -0.628486 0.604847
505 -0.704804 -0.276252 0.718100
10 -0.553013 -1.186816 0.599772
722 -0.918767 -0.016456 0.620837
542 -0.408755 -0.608450 0.877820
284 -0.588844 -0.253620 0.830394
685 -1.091934 -0.124191 0.459460
775 -0.517534 -0.599101 0.774049
201 -1.561933 -0.694169 -0.054194
729 -1.329799 0.259212 0.422135
959 -1.135172 -0.124047 0.429999
400 -1.103629 -0.059719 0.475971
30 -0.500371 -0.963775 0.682976
697 -0.832827 -1.547060 0.269520
61 -0.324349 -0.494243 0.977571
618 -0.976873 0.120746 0.645837
704 -1.080364 0.274081 0.644408
259 -1.298555 0.247453 0.454800
561 -0.791652 -0.511531 0.541080
198 -0.525833 -0.744989 0.739886
606 -0.558626 -0.038183 0.942966
480 -0.834068 -0.087851 0.672643
913 -1.433086 0.047737 0.293382
59 -0.947236 -0.346988 0.491902
461 -1.568817 0.229298 0.274798
337 0.089416 -0.475103 1.592967
407 -0.465948 -0.839658 0.758484
1 -0.958581 -0.855415 0.312918
72 -0.562448 -1.131699 0.589584
57 -0.669215 -0.053865 0.836906
637 -0.879572 -0.400465 0.493843
651 -0.643128 -0.662481 0.635639
712 -1.020607 -0.144827 0.493321
525 -0.539487 -0.987711 0.642381
476 -0.746622 -0.930706 0.463755
690 -0.678718 -1.055147 0.491231
770 -0.467508 -0.628505 0.824222
640 -1.600544 -0.403542 0.014842
150 -0.623129 -0.926976 0.584148
950 -0.712891 0.093968 0.839508
458 -0.750369 -1.281790 0.372794
957 -1.131858 -0.627590 0.237592
248 -1.300699 0.150203 0.431893
353 -1.367634 -0.702033 0.053891
926 -1.050727 0.113944 0.583281
576 0.165950 -0.205968 2.097686
162 -0.468707 -0.739011 0.764353
886 -0.915432 -0.316388 0.515024
194 -0.783041 -0.436758 0.591931
941 -0.996561 -0.385903 0.427728
502 -0.960957 -0.301786 0.472577
758 -0.576970 -0.954103 0.591073
774 -1.011831 -0.168874 0.506685
216 -0.981028 -1.318163 0.195688
742 -0.642238 -0.904476 0.563489
474 -0.820699 -0.426527 0.560046
933 -1.370339 0.173501 0.368269
733 -0.465092 -0.759753 0.786925
531 -1.196851 0.042563 0.458846
317 -1.298893 -1.011666 0.017514
488 -1.016390 -0.260526 0.466903
797 -0.857244 -0.124316 0.634712
563 -0.576109 -0.029967 0.915045
88 -0.772079 -1.375470 0.345173
348 -0.503858 -1.119246 0.650431
688 -0.857086 -0.342160 0.554561
118 -0.879553 -0.269784 0.571050
681 -0.792597 -0.382294 0.593187
384 -1.181013 0.255873 0.541174
691 -0.633916 -1.047108 0.535875
396 -1.158508 -0.591174 0.235530
937 -1.415812 0.123592 0.325604
468 -0.916438 -0.137600 0.577797
744 -1.153158 -0.043987 0.427348
308 -0.502202 -1.102689 0.658091
75 -0.763040 -0.470633 0.598526
343 -1.546600 -0.733100 -0.065405
909 -0.816341 -0.296036 0.624472
98 -0.462231 -1.111270 0.676696
689 -1.084555 -0.887916 0.201717
864 -0.944170 -0.254897 0.508178
572 -0.898157 -0.327027 0.530758
953 -0.857100 -0.416353 0.518806
441 -0.849867 -0.264216 0.595487
602 -0.622892 -1.046435 0.566224
325 -0.902682 -0.469786 0.460943
443 -1.040856 -0.249895 0.431212
928 -0.971954 -0.282027 0.481186
706 -0.953624 -0.178715 0.545769
210 -0.500525 -0.259602 0.907626
288 -0.573846 -0.857676 0.627798
493 -1.408440 -0.170949 0.219287
918 -1.516276 -0.301947 0.110999
701 -0.950599 -0.265844 0.513746
906 -1.511507 0.251791 0.315261
77 -1.207165 0.119486 0.464445
382 -1.563744 0.506780 0.417122
927 -0.822025 -0.014375 0.727682
852 -1.200097 -0.121048 0.377155
369 -1.372568 -0.504453 0.115671
494 -1.151901 -0.215063 0.384306
339 -1.036530 0.066606 0.568126
738 -1.517313 -1.187604 -0.160250
723 -1.403738 0.373680 0.436000
127 -0.585870 -0.874052 0.629370
924 -0.479242 -0.890540 0.727124
833 -1.336553 0.058831 0.347358
610 -1.256968 0.031441 0.391376
362 -0.863526 -0.700858 0.431543
99 -1.052116 -0.361641 0.410619
811 -0.892674 -0.403998 0.493846
44 0.063381 -0.053841 1.950351
586 -1.500987 -0.113907 0.165875
667 -1.232692 -0.650044 0.154449
538 -0.836199 -0.322733 0.582430
521 -0.548028 -0.071155 0.954173
429 -1.111414 -0.746549 0.219450
192 -1.170579 -0.776713 0.161211
366 -0.417197 -1.139985 0.687448
326 -0.352027 -0.740715 0.892631
172 -0.710449 -1.440253 0.392892
812 -0.952993 -0.104883 0.592242
838 -0.545967 -0.529106 0.768539
954 -0.584707 -0.873804 0.642932
451 0.056932 -0.177036 1.896754
877 -0.641854 -0.446742 0.695339
682 -1.274626 0.051668 0.393401
287 -0.742759 -1.162047 0.404781
884 -0.960215 -0.072629 0.577850
430 -0.321700 -1.158412 0.803161
295 -0.768469 -0.124099 0.707963
936 -0.806572 -0.205051 0.654977
251 -1.313468 0.141483 0.405835
188 -1.123041 0.028411 0.489085
794 -0.601113 -0.593282 0.696592
585 -0.891757 -0.128855 0.613499
624 -1.269054 -0.325741 0.241298
25 -0.677634 -0.931968 0.544463
595 -1.132573 -0.198912 0.396399
252 0.170412 -0.225455 2.089191
420 -1.470311 0.444944 0.449982
796 -1.031763 -0.178494 0.464512
813 -0.328363 -0.907470 0.879646
539 -0.495606 -0.884877 0.704460
220 -0.509808 -1.118702 0.618928
113 -1.422654 0.536714 0.512207
426 -0.676227 -0.595256 0.640597
912 -0.530907 -0.685982 0.715940
301 -0.902518 -0.370355 0.515962
296 -1.649611 -0.167789 0.054777
136 -1.238991 -0.317575 0.258638
604 -1.513378 0.423864 0.407752
824 -0.512132 -0.711406 0.764618
364 -0.632821 -1.326281 0.491549
90 -1.471482 0.182198 0.303101
2 -0.492596 -0.960133 0.681878
460 -1.020336 0.012586 0.568738
847 -0.290496 -0.919885 0.888672
399 -1.295965 -0.943148 0.039684
9 -1.317532 0.247936 0.437526
157 -1.148994 0.190489 0.527150
398 -0.494908 -0.658836 0.781659
231 -1.133474 0.161675 0.557159
377 -1.109239 -1.351621 0.088828
166 -0.887850 -0.384706 0.522388
615 -1.579075 -1.081509 -0.179551
351 -1.126536 -1.036641 0.135942
466 -0.644748 -0.612746 0.666122
960 -0.552296 -0.183934 0.881616
534 -1.483288 0.149419 0.302456
703 -1.520799 -0.106510 0.158575
516 -0.810589 0.058648 0.759492
71 -1.565068 0.073593 0.217837
930 -1.285223 -0.439706 0.197831
39 -1.007979 -0.635383 0.343541
143 -1.244197 0.136621 0.447372
751 0.155053 -0.091415 2.235982
388 -1.022241 -0.649148 0.324066
632 -1.367442 0.498396 0.524347
243 -0.448618 -0.725603 0.781323
863 -1.433275 0.175792 0.351513
578 -1.094913 -0.336422 0.375818
424 -0.592768 -0.951990 0.598197
552 -0.680055 -0.819959 0.554374
874 -1.096006 -0.180111 0.431752
406 -1.390767 -0.295967 0.158742
67 -1.450776 -0.024558 0.231783
842 0.088542 -0.283912 1.763875
687 -0.552193 -0.631807 0.728312
854 -0.553542 -0.789271 0.669212
841 -1.601303 -0.807245 -0.123795
589 -1.234627 -0.388033 0.251441
17 -0.515051 -1.037557 0.620067
164 -0.874602 -0.624358 0.442416
508 -0.601072 -1.082496 0.572946
208 0.179083 -0.361898 1.912485
765 0.146118 0.010678 2.274843
105 -0.950029 -1.231371 0.225047
381 -0.770351 -1.544847 0.324399
423 -0.571367 -0.603378 0.721590
518 -0.580483 -0.601206 0.716394
40 -0.676701 -0.629776 0.602227
739 -1.581914 -0.937705 -0.124509
464 -0.533474 -0.665954 0.738908
199 -0.466969 -1.191727 0.650793
752 -1.370737 -0.972759 -0.006773
121 -0.579194 -0.599775 0.715292
183 -0.557499 -0.469319 0.780334
138 0.112633 -0.326421 1.876699
324 -0.595934 -0.849345 0.640702
470 -1.157429 -0.015116 0.455513
439 -0.609200 -0.615798 0.668694
905 -0.609994 -0.504845 0.716493
898 -0.377425 -0.762586 0.846796
757 -0.488960 -0.885760 0.727205
659 -0.704726 -0.738617 0.539190
332 -0.575449 -0.973673 0.607109
556 -1.140967 0.141345 0.541477
408 -1.008042 -0.303973 0.442130
226 -1.102873 -0.261246 0.402445
532 0.097770 0.158022 2.302314
196 -1.155361 0.220006 0.558364
720 -1.001546 0.192106 0.659862
655 -0.413923 -0.359127 0.946467
45 -1.368915 0.089339 0.330822
616 -1.220954 0.495603 0.642045
327 -0.795647 -0.182221 0.675814
686 -1.321639 0.548275 0.581103
603 -1.287161 0.202028 0.452084
371 -0.926330 -1.210881 0.249447
73 -0.316642 -0.926346 0.883321
257 -0.479012 -0.516779 0.848333
336 -0.519628 -1.163664 0.629975
191 -0.674724 -1.396953 0.400355
740 -1.381971 -0.076050 0.272766
16 -0.471799 -1.142104 0.670680
139 -0.861775 -0.165300 0.628355
601 -1.350615 0.214100 0.422593
522 -0.835388 -0.376527 0.556826
962 -1.634800 0.161029 0.205794
7 -0.159698 0.195693 1.682663
5 -0.097992 0.131711 1.696764
85 -0.737745 -1.300597 0.399032
935 -1.130832 -0.252251 0.376796
18 -1.602948 0.392808 0.319768
244 -0.626581 -1.148142 0.536641
455 -0.623180 -1.347310 0.496895
670 -1.404500 -0.921120 -0.004471
845 -1.189139 -1.118098 0.056127
179 0.052774 0.012399 2.059718
769 -1.686617 0.553012 0.366925
753 -0.941557 0.100428 0.671439
434 -0.647758 -0.386508 0.712904
47 -0.711330 -0.408511 0.643290
11 0.108010 0.025918 2.245184
786 -1.594969 0.074628 0.189853
452 -0.968447 -0.356679 0.469179
876 -0.493131 -0.868371 0.721519
471 -0.631064 -0.494760 0.694803
411 -0.757007 -0.235332 0.679800
530 -1.690847 -0.389509 -0.028927
56 -1.096300 0.132758 0.575245
126 -1.339396 0.127627 0.384285
900 0.212597 -0.378554 2.035241
934 0.144789 -0.199758 2.019069
472 -0.787285 -0.185855 0.678008
467 -0.099485 0.466411 2.125072
761 -1.398536 -0.516995 0.079680
176 -0.910366 -0.270922 0.541279
915 -0.611638 -0.958647 0.590647
880 -0.910271 -0.176722 0.582167
607 -1.348870 -0.513985 0.114969
340 -1.228700 -0.024308 0.408215
34 -0.086108 0.172263 1.851449
475 -1.559208 0.071468 0.226025
182 -0.537566 -0.064131 0.948986
354 -0.515668 -0.543604 0.806488
620 -1.564120 0.508904 0.408615
379 -0.376243 -0.995679 0.805495
112 -1.525301 -0.548596 0.011788
60 -1.019390 -0.682357 0.328061
46 -1.506552 0.199195 0.301128
821 -1.153760 -0.160109 0.391935
955 -0.578818 -0.819610 0.662776
114 -0.503891 -0.793599 0.733235
276 -1.578992 0.230597 0.235914
374 -1.727900 0.138646 0.140491
719 -1.421251 -0.612164 0.037873
307 -1.721619 0.301491 0.216872
390 -0.410167 -0.173484 1.017121
82 -0.262879 -0.927817 0.939133
141 -0.473957 -0.179658 0.967446
734 -1.158596 0.071762 0.497308
867 -0.964737 -0.524952 0.409864
851 -1.088979 -1.103344 0.144577
554 -0.589873 -0.782475 0.657586
582 -1.404044 0.003442 0.294210
647 -1.008849 -0.168039 0.509396
104 0.073043 0.117410 2.266546
916 -0.853364 -0.859711 0.402364
853 -1.150412 -0.057284 0.450016
418 -0.545482 -0.685243 0.730323
731 -0.509500 -1.132491 0.603587
110 0.191865 -0.460321 1.930269
699 -0.563758 -1.429466 0.536185
728 -0.028378 0.121481 1.895376
791 -1.371914 -0.003053 0.285480
785 -1.257476 0.257825 0.494919
115 -0.266472 -0.833914 0.977581
438 -1.409519 -0.212295 0.200268
773 -0.536755 -0.668118 0.724749
432 -1.317132 0.083263 0.392120
676 -1.195688 0.161150 0.494860
444 -1.567141 0.044416 0.212206
715 -1.586269 0.448118 0.385586
285 -1.447569 -0.656069 0.011167
919 -0.732285 -0.770170 0.537914
904 -0.719340 -0.255421 0.709772
49 -1.311882 0.030458 0.354955
35 -0.427646 -0.529249 0.872360
116 -0.611250 0.194559 1.017856
948 -0.619171 -1.057206 0.541562
631 -1.503366 -0.125496 0.149986
156 -0.491719 -1.479613 0.570084
846 -0.001330 0.238593 2.132998
726 0.191577 -0.200022 2.166924
875 -0.498896 0.426255 1.276439
177 -1.673803 0.535269 0.354592
448 -1.377280 0.437428 0.487071
777 -2.088305 -1.094160 -0.449410
237 -1.101571 0.163333 0.580515
737 -0.737358 -1.106389 0.431249
393 -0.792905 -1.302124 0.362247
510 -0.908582 -0.475322 0.487449
517 -1.233332 -0.394129 0.245541
755 0.100186 -0.002703 2.181957
320 -0.568931 -0.236439 0.863982
668 -1.469155 0.312707 0.406623
225 0.068394 0.052690 2.175542
144 -0.959992 -0.218213 0.520146
367 -0.137937 0.352353 1.889776
504 -0.364323 -0.804412 0.869760
713 -0.845181 -0.290312 0.580635
612 -1.431798 -0.050352 0.260478
498 -1.127018 -0.270785 0.350910
836 -0.774407 -0.805006 0.483913
345 -0.247062 -1.116697 0.891185
951 -0.689218 -0.865440 0.542985
63 -0.669749 -1.382039 0.439100
273 -0.768189 -0.414857 0.589180
95 -0.878213 -1.544806 0.210753
109 -0.422083 -1.647599 0.598176
614 -0.861692 -0.641980 0.453745
599 -0.626654 -1.007072 0.553362
131 -1.651173 -0.298367 -0.002882
319 -0.317046 -0.611418 0.996483
190 -2.032597 -0.673179 -0.314899
848 -0.817284 -0.422661 0.547502
743 0.092516 0.076773 2.305199
648 -1.276388 0.322786 0.510126
711 -0.819258 -0.287028 0.619306
869 -0.626026 -0.672784 0.666329
571 -1.637485 -0.331256 0.008819
186 -1.532303 0.356829 0.357866
168 -0.617297 -0.628630 0.681127
279 -0.188710 -1.642238 0.829016
896 -0.397649 -0.364594 0.987263
79 -1.095492 -0.371782 0.341662
323 -0.954853 -0.283469 0.485408
205 0.093942 -0.004760 2.105959
635 -0.583337 -0.796739 0.657454
608 -0.027280 0.302924 2.233207
929 -0.508613 -0.988184 0.665211
50 -1.893349 -0.893207 -0.301172
283 0.058429 -0.203616 1.804794
334 -0.680506 -1.390704 0.430497
239 -0.572996 -0.462368 0.781969
832 -1.205836 0.267450 0.535682
290 -0.449674 -1.274102 0.675647
55 -1.324624 -0.086511 0.309648
142 -1.377915 0.294074 0.442416
652 -0.635466 -1.184798 0.535965
527 0.076348 -0.166929 1.844906
855 0.235432 -0.206588 2.308462
490 0.133449 -0.272511 1.909408
357 -0.612096 -0.278616 0.807765
714 -0.512716 -1.039032 0.652569
868 -1.431546 0.441980 0.466754
894 -1.099865 -0.236836 0.405157
762 -0.628896 -0.427979 0.721462
359 -0.451709 -0.671548 0.797210
780 0.032011 -0.276294 1.653164
171 0.076221 0.130412 2.172167
22 -1.090927 -0.115971 0.461797
151 -1.556730 0.329715 0.336525
331 -0.884351 -0.243614 0.568866
543 -0.678103 -0.645663 0.597758
540 -1.522953 0.163549 0.257997
174 0.227088 -0.494937 1.901905
445 -0.984815 -0.255810 0.479249
54 -0.458245 -1.088462 0.695897
809 -0.986574 0.129250 0.642022
642 -1.255022 0.030844 0.401861
391 -1.147256 -0.216378 0.370344
437 -1.654522 0.001889 0.133298
920 -0.724884 -0.373043 0.667649
457 0.095101 -0.365013 1.740176
87 -1.442787 0.304235 0.390508
674 -1.424863 0.308634 0.381671
26 -1.740894 -0.621960 -0.145358
519 -1.202751 -0.744418 0.150398
274 -0.702215 -0.779358 0.555440
234 -0.735244 -0.342834 0.660692
804 -0.363110 -1.096526 0.769120
68 -1.936622 -0.140296 -0.080278
861 -1.322167 -0.106288 0.291764
228 -0.598451 -1.371001 0.517349
512 -0.862825 0.101755 0.714538
865 -1.069167 0.069082 0.538386
266 -1.585072 -0.425674 -0.019544
148 0.197072 -0.340572 2.020448
481 -1.727483 0.221581 0.206082
626 0.089212 -0.048485 2.085559
417 -0.899660 -0.050714 0.642329
385 -0.613346 -1.140568 0.552173
428 -0.047683 0.172466 1.900995
815 -0.609746 -0.204625 0.845856
541 -0.259111 -0.965453 0.910325
636 0.011143 0.161859 1.957112
594 -0.901345 -0.314842 0.538501
524 -1.002972 -0.149808 0.512422
233 -0.510874 -0.242279 0.922862
322 -0.861360 -0.234833 0.577639
422 -1.663978 0.377300 0.290837
286 -1.099405 0.213620 0.603103
537 -1.744745 0.204310 0.166857
53 -0.820862 -0.526009 0.523106
922 -1.254718 0.196109 0.468240
613 -1.278188 0.072905 0.373477
137 -2.035280 -0.358239 -0.211321
818 -0.476715 -0.579793 0.823088
247 -0.619899 -0.692932 0.644885
829 0.283495 -0.508363 2.148552
756 -1.066392 -1.362157 0.117091
581 -1.539686 0.565663 0.430487
119 -0.149185 0.604384 2.313500
528 -0.992000 0.083327 0.646619
903 -1.483759 0.162465 0.284476
725 0.056606 -0.300597 1.683720
383 0.111923 -0.006327 2.194581
944 -0.579641 -0.937651 0.605157
365 0.186477 -0.317213 2.093229
952 0.177009 0.024300 2.482280
557 -1.517150 0.516907 0.440004
825 -0.443512 -1.209724 0.683461
282 -1.353064 -0.019514 0.318058
822 -0.182857 0.649841 2.172112
823 -1.028762 -0.144959 0.490213
223 -1.246127 -0.256876 0.280432
209 -0.834568 -0.345306 0.583713
545 0.203295 -0.222423 2.232166
597 -1.183122 -0.422562 0.274397
698 -0.824161 -0.594887 0.502387
258 0.028335 0.165397 2.252468
788 -1.497905 -0.061412 0.203539
857 -1.016141 -0.619844 0.330380
849 -0.591737 -1.296224 0.541991
593 -0.777729 -0.599842 0.534269
802 -0.832822 -0.651055 0.448537
31 -1.133538 0.256801 0.605504
76 -0.482820 -0.229766 0.961311
799 -1.983668 -0.665807 -0.292349
693 -1.548300 -0.292474 0.080077
158 -0.032619 0.155823 2.030523
278 -1.472532 0.180238 0.312273
91 -0.647287 -1.211233 0.504752
454 0.043724 0.102387 2.113488
102 0.090161 -0.368835 1.763427
882 -1.778766 -0.929029 -0.261074
843 -1.023112 0.056437 0.577200
89 -1.378342 0.138728 0.358526
65 -1.064840 -0.380562 0.382197
611 -1.040699 -0.899534 0.215593
96 -1.214996 -0.789339 0.144696
858 -0.901371 -0.251846 0.559517
945 -0.652258 -1.118138 0.512115
536 -1.283392 0.459545 0.574819
883 -0.305486 -0.837984 0.889697
639 -1.419149 -0.004845 0.239279
600 -1.720753 0.622029 0.382128
217 -1.522946 0.431732 0.371452
596 -1.735642 0.159148 0.149012
587 -1.399342 0.144007 0.356402
370 0.047876 0.003980 1.986149
81 -0.664490 -0.891049 0.550572
386 -1.034921 0.304001 0.692218
227 -0.697535 -0.574473 0.621999
664 -1.169096 0.094171 0.483120
949 -0.538745 -1.631973 0.542343
483 -0.421191 -0.986580 0.760942
446 -0.672733 -0.666297 0.613640
807 -1.208977 0.026389 0.418657
678 -1.263769 0.042897 0.388440
36 -0.493827 -0.360104 0.888914
310 0.169405 -0.492635 1.792063
499 0.166879 -0.076939 2.312011
450 -1.449260 0.748485 0.614464
871 -1.347632 -0.359631 0.184710
169 -0.786810 -0.319695 0.617315
153 -1.261243 -0.060599 0.332587
28 0.052932 0.062583 1.956446
338 -0.062276 0.281693 2.047898
130 -1.403061 -1.041474 -0.057232
189 -0.553301 -1.160594 0.600927
13 -1.046159 -0.318819 0.333782
750 -0.002410 0.119128 1.972350
165 -1.201430 -0.362550 0.288436
241 -0.445381 -1.496968 0.617603
484 -0.891340 -0.664714 0.422361
683 -0.123910 0.272485 1.805716
376 -1.254559 0.191759 0.470352
269 0.199410 -0.304985 2.071428
566 -0.773118 -0.856933 0.475339
487 0.127707 -0.325440 1.794852
129 -1.189231 0.227918 0.537262
235 -0.015145 -0.005292 1.801424
708 -1.387552 0.058405 0.304067
901 -1.122148 -0.186500 0.413040
673 -1.747686 -0.656095 -0.152917
435 -1.116334 -1.024917 0.137534
662 0.154061 -0.320265 1.875839
335 0.135736 -0.233448 2.062948
394 -0.004776 -0.067681 1.799137
74 -1.633246 -0.908088 -0.160957
917 -0.038497 0.414636 2.384782
32 -0.591725 -0.790349 0.640951
763 -0.137200 0.433714 2.036015
692 0.041164 -0.067860 1.877500
735 0.050000 0.164432 2.223240
352 -1.130809 -0.742812 0.200079
409 0.255725 -0.507106 2.024910
70 -1.348183 -0.346652 0.191318
515 -1.139421 -1.544604 0.019341
6 -0.500897 -0.875885 0.720550
463 0.141193 -0.191516 2.000373
78 0.192899 -0.232991 2.236057
523 -1.333719 0.392911 0.505756
826 -1.689115 0.613154 0.394215
789 -0.491557 0.461415 1.329330
887 -1.123027 -0.721188 0.213556
412 0.377099 -0.496193 2.421694
771 0.112895 -0.050200 2.171708
66 0.045380 -0.202061 1.836648
152 0.230798 -0.377746 2.073954
242 -0.140562 0.290306 1.800750
705 0.184222 -0.322922 2.011294
360 -1.745880 -1.304106 -0.312211
694 -1.335112 -0.326747 0.217086
440 -1.390534 0.201864 0.376529
584 0.043305 0.115241 2.188918
262 -1.628577 0.192176 0.203547
106 -1.526306 -0.926874 -0.095190
38 0.150940 -0.270532 1.966267
361 -0.005375 0.223568 2.174028
245 -0.417803 -0.996916 0.752703
305 0.107789 0.107639 2.323568
946 0.153382 -0.022154 2.277477
947 -1.048784 -0.869925 0.235470
609 0.181632 -0.139014 2.254386
304 -1.341883 0.135717 0.360052
482 -0.498792 -1.160983 0.634843
8 -1.022137 0.199522 0.636970
173 -1.797207 0.102646 0.108661
535 -0.104058 0.486492 2.205695
83 -0.011176 0.291175 2.110340
500 0.159990 0.107701 2.430002
356 -0.839794 -0.508880 0.516037
212 -0.492188 -1.273725 0.612179
583 -1.559287 0.369039 0.348127
666 -1.311948 -0.618267 0.115798
207 -0.837059 -1.637155 0.251774
828 0.266425 -0.243290 2.172595
202 -0.500581 -0.239130 0.936937
465 -0.062268 -0.271974 1.481875
570 -0.444005 -1.425107 0.636690
94 -1.356450 0.152424 0.364090
111 -1.107612 0.147688 0.547246
341 -0.471557 -1.118924 0.696458
700 -0.597401 -0.632407 0.668141
660 -0.674518 -0.787737 0.562720
591 -1.219169 -0.335452 0.280946
638 0.177436 -0.464626 1.864556
277 -1.262871 -0.813090 0.082361
107 -1.663316 0.530188 0.351127
433 -0.533562 -0.778593 0.691996
497 -1.487531 0.712236 0.556759
559 -1.732972 0.407392 0.271112
178 0.081746 0.002319 2.034457
363 -1.769763 0.577410 0.365715
923 0.114564 -0.002063 2.216774
741 -0.747659 -1.969001 0.281884
568 -1.615275 -1.009721 -0.176127
473 -0.895837 -1.769571 0.183151
395 -1.327632 0.445987 0.522636
240 -0.063538 0.449577 2.438731
721 -1.682025 0.477076 0.307018
140 -1.119454 0.221971 0.587828
125 0.086792 0.028567 2.253258
200 -1.672598 0.520677 0.377776
330 0.098292 0.175273 2.458240
717 -0.057295 0.301635 2.061374
93 -1.438840 -1.110254 -0.086355
491 -1.125653 -0.128644 0.434817
569 0.148944 -0.556451 1.618601
292 0.133791 -0.280024 1.983213
333 -0.774857 -0.332025 0.579228
605 -1.154232 0.119229 0.497478
211 -0.349046 -0.965677 0.806968
767 -1.427984 -0.013643 0.282629
790 -1.487232 0.394616 0.401642
634 0.186603 -0.116722 2.450538
15 -1.382669 0.306362 0.394622
819 -1.578473 0.761797 0.527152
108 -1.637450 0.477972 0.345039
120 0.034874 -0.189117 1.832718
872 -1.024283 -0.007151 0.567873
402 -1.117540 -0.966559 0.157316
772 0.123406 0.014010 2.338799
221 -0.128797 0.299658 1.904925
389 -1.368056 -0.901258 0.017502
553 0.028316 0.340388 2.633829
956 -1.660525 0.174775 0.189580
4 -0.233103 0.479503 1.896037
100 -0.220700 -0.686281 1.052874
625 0.096456 0.210393 2.426846
567 -1.508390 0.106549 0.274964
629 -0.542510 -1.416827 0.556119
914 0.084535 0.217072 2.592555
20 0.244232 -0.533637 1.955396
23 -1.449487 0.538949 0.512272
590 -1.880085 0.094751 0.040469
831 -0.006847 -0.105130 1.777323
630 -0.642804 -1.221209 0.506280
469 -1.837604 0.079010 0.037346
549 0.178862 -0.084823 2.201266
544 -0.337060 -0.362303 1.038694
197 0.087187 0.303793 2.565778
180 -0.030681 0.385068 2.190616
478 0.112760 0.157763 2.449624
372 0.100078 -0.079677 1.990830
175 -0.119689 0.450483 2.215249
355 -0.996146 -0.473076 0.383569
41 0.035094 0.421500 2.425290
680 -0.364225 -0.767800 0.892702
297 -0.240405 0.550816 1.870328
387 -0.918761 -0.271870 0.516242
415 -0.226298 -1.033676 0.960039
368 -1.144931 -0.487708 0.280064
167 0.384884 -0.586399 2.430510
745 -1.410979 -0.742767 0.014200
21 0.082309 0.292531 2.414229
547 0.134139 -0.595673 1.567750
280 -1.117989 -0.030729 0.464419
254 -1.321342 0.585155 0.616179
878 -0.428168 -1.323601 0.655857
459 0.318779 -0.445512 2.214860
267 0.224569 -0.362804 2.150710
486 -0.454411 -1.067263 0.713188
885 0.293040 -0.784308 1.949556
749 -1.337250 0.129736 0.381680
911 -0.936482 -0.463816 0.455254
271 -0.131497 0.512249 2.106917
84 -1.989843 -0.653086 -0.305231
932 -0.516964 -0.675410 0.753114
672 0.281008 -0.156933 2.458661
477 0.100570 0.291377 2.678470
800 0.189410 -0.062401 2.291278
181 -0.983354 0.295999 0.751770
253 0.056527 -0.108518 1.876374
503 -0.834739 -0.647281 0.491332
124 -0.922388 -1.023023 0.225352
893 -1.850994 0.077888 0.049354
942 -0.989258 -0.907025 0.217194
801 -0.165733 0.246235 1.694119
628 -1.548730 -0.604407 -0.020887
80 0.177290 -0.168611 2.197309
263 -0.536120 -0.735997 0.723196
520 -1.253480 -1.110652 -0.019985
193 0.091023 0.315613 2.570342
890 -0.092408 -0.108052 1.555216
401 -1.164445 -0.018525 0.448677
24 -0.465986 -1.326813 0.654110
910 -1.501930 0.193425 0.291541
219 -1.046227 0.236961 0.631203
654 -1.198245 -0.235505 0.364788
358 -2.071867 -0.583680 -0.301344
414 -0.879700 -0.026116 0.681234
375 -1.359014 0.341302 0.445395
135 -1.543051 0.520446 0.438177
931 -0.138894 0.680759 2.298516
318 -0.631410 -1.704101 0.318935
462 -1.778131 -0.547868 -0.163236
350 -1.256637 0.114960 0.436231
449 -0.587870 -0.732824 0.694265
675 -1.139105 0.381752 0.639056
921 0.365691 -0.473485 2.371576
564 -0.564001 -1.392467 0.582136
187 0.164686 -0.192981 1.967644
86 -1.716616 0.579439 0.338665
404 -0.573448 -0.992703 0.571537
759 0.175301 -0.114069 2.165358
492 -0.994925 -1.018589 0.142484
798 -1.476998 0.621822 0.498562
730 -1.463935 -0.395546 0.096512
92 -1.182242 -0.353031 0.305196
657 -0.939897 -0.578513 0.375882
943 -0.502745 -0.906150 0.698510
623 -1.741743 0.297625 0.211394
185 0.129416 -0.251959 1.955073
548 -0.482745 -0.425933 0.883503
29 -1.467113 -0.195068 0.164984
622 0.154649 -0.553241 1.746821
421 0.038223 0.081148 2.109828
727 0.062672 0.074758 2.068869
702 -0.755640 -0.564325 0.578268
442 -2.069106 -0.637653 -0.299299
97 -0.032416 0.320342 2.181332
51 -0.046281 0.376126 2.396103
117 -1.806042 0.543460 0.278572
427 -1.550120 0.171600 0.253823
12 0.114322 -0.017350 2.174006
577 -1.873256 -0.376920 -0.133963
850 -0.540321 -0.548712 0.784092
778 -1.357266 -0.088925 0.273322
768 -0.983925 -1.154840 0.132487
314 -0.895834 -1.112387 0.205156
696 -1.525433 0.359019 0.379529
195 -0.024624 0.350242 2.284148
779 -1.694408 -0.819187 -0.166296
663 -1.290076 -0.835441 0.062096
479 -0.434395 -1.452650 0.637898
736 0.007094 -1.820774 1.029013
907 -0.045449 0.389126 2.157646
643 -0.222128 -0.695950 1.021876
897 -1.504982 0.297155 0.364902
732 -0.719927 -2.030297 0.330223
816 0.126371 -0.857744 1.463576
859 0.271260 -0.231028 2.344704
453 -0.896139 -0.683283 0.367628
546 -1.521110 -1.047297 -0.147866
783 -1.355612 0.357617 0.439010
159 -1.373914 -0.047154 0.284870
817 -0.903788 -0.455800 0.450674
58 0.150574 0.222296 2.506314
565 -1.145923 0.221558 0.548670
378 -0.894474 -0.099135 0.615936
598 -0.068428 -1.282763 1.071371
641 -1.123574 0.046580 0.490166
485 -1.051543 -1.101436 0.120922
392 -0.820120 -0.196378 0.652604
342 -1.443637 0.562046 0.521589
294 -0.787004 -0.994124 0.425622
122 0.036211 -0.447943 1.550931
839 -0.877991 -0.248963 0.563732
349 -1.434123 0.121767 0.211073
218 -0.377907 -1.107549 0.773273
939 -0.812200 -0.638719 0.504173
14 -1.150126 0.115744 0.532678
782 -0.864438 -0.217899 0.605327
27 -0.176838 0.122661 1.684744
281 -1.597673 -0.915294 -0.140006
42 -1.060884 -0.446081 0.335764
707 -1.420256 -0.170887 0.244140
215 -0.047213 0.569646 2.487677
69 -1.560816 0.224359 0.247703
621 0.063085 0.046457 2.149933
925 0.179354 0.005995 2.375483
814 -1.281829 0.163512 0.317699
316 -1.421972 0.587137 0.550008
784 -0.063350 0.205189 1.801419
303 -0.225197 -0.136818 1.336213
507 -1.024194 -0.092089 0.454776
961 -1.535247 0.638557 0.503374
902 -0.630013 0.396357 1.067194
695 -1.130915 -0.205968 0.395878
431 -1.610535 0.518947 0.409416
827 -0.776999 -0.221514 0.697027
803 -1.406812 0.096804 0.283911
619 -1.436087 -0.006571 0.284836
298 -0.097162 -0.126901 1.568983
835 -0.144693 -0.079266 1.536203
514 0.083462 0.080447 2.398247
511 -0.686979 -0.606780 0.630887
658 -0.035801 0.078505 1.694729
170 -1.152619 -0.033628 0.456506
37 -1.037204 -0.507160 0.362182
653 -0.760669 -1.002252 0.469913
509 0.021667 0.296595 2.314333
661 -1.383714 -0.202447 0.211622
834 0.050269 0.016678 1.988507
899 0.220786 -0.344191 2.050227
573 0.063630 0.255149 2.499910
425 -0.911870 -0.257953 0.470207
123 -0.436043 -0.713312 0.820218
891 -0.110300 0.046065 1.591614
766 0.053213 0.325090 2.205816
344 -0.999999 -0.327027 0.451781
447 -0.872835 -0.343662 0.489830
840 -1.347251 0.234045 0.464358
272 -0.947700 -0.168029 0.584995
588 -1.369346 -0.175627 0.283423
684 -1.070321 -0.724439 0.243265
306 -1.190072 0.060606 0.498412
844 -0.038451 -0.263172 1.538613
787 -0.352001 -1.157568 0.580737
224 -1.092610 -0.341510 0.306668
347 -0.543758 -0.834754 0.720826
513 -0.040866 0.102107 1.847950
820 0.189550 -0.340363 1.795355
810 -0.914752 -0.076466 0.549217
881 0.000013 0.021098 1.873464
43 -0.067564 0.185116 1.870563
397 0.045063 -0.037175 1.887897
533 -0.927712 0.099599 0.602167
300 0.091682 0.091550 1.994101
213 -0.718571 -0.136914 0.796076
62 -0.811199 -0.431957 0.555689
724 -0.903893 -0.001126 0.660335
551 -0.199749 -0.286044 1.226015
133 -0.798219 -0.477358 0.530527
3 -0.740565 -0.330105 0.687345
764 0.020792 0.040306 2.064439
677 -1.114619 -0.065964 0.456927
506 -0.765448 -0.285752 0.595300
560 -1.333568 -0.416045 0.188885
33 -1.229294 0.018710 0.404585
776 -0.528956 -0.825719 0.518744
289 -0.413967 -0.563635 0.945071
346 -0.828832 -0.033789 0.760874
665 -0.397462 -0.312224 1.044163
862 -0.654800 -0.536410 0.707481
380 -0.761300 -0.495708 0.567533
