1518 3
223 1.272478 0.732412 1.376079
546 1.210572 0.740984 1.500810
418 0.759496 -0.726482 0.373631
1093 1.273818 0.758133 1.716533
518 1.254718 0.769839 1.609413
106 1.345480 0.828568 1.644614
650 1.000990 -0.831265 -0.019431
1261 0.672530 -1.173787 0.457074
867 1.233124 -0.254308 -0.151430
900 1.262007 0.057445 -0.028884
115 0.561713 -1.263968 0.655272
229 0.731739 -1.305440 0.339642
198 0.864483 -0.874476 0.180431
753 0.999466 -0.778403 -0.007262
1132 1.270110 0.744391 1.557214
51 1.304436 0.798528 1.651461
28 0.982325 -0.679987 0.032469
1315 1.268397 0.723944 1.176004
792 0.688184 -1.265448 0.449233
29 0.843938 -1.087794 0.181260
750 1.242525 -0.084795 -0.074252
1050 0.945141 -0.715515 0.094562
1289 1.372050 0.835877 1.299133
722 1.463557 -0.222391 -0.378221
679 0.943961 -1.038160 0.023464
324 0.890744 -1.070455 0.107416
154 0.864732 -1.010432 0.163706
300 1.431239 0.855064 1.255643
1490 0.820999 -1.056475 0.243833
896 1.249449 -0.454377 -0.241104
433 1.007502 -1.027793 -0.075869
623 1.100649 -0.621877 -0.106531
724 0.902217 -0.530051 0.201413
1456 0.796161 -0.830929 0.311523
1074 0.811648 -0.866661 0.238742
1464 0.881020 -0.921555 0.155604
1148 1.379787 0.824350 1.309716
908 0.619904 -1.437354 0.557177
126 0.832406 -0.977359 0.238727
681 1.371803 -0.259705 -0.296334
952 1.251889 -0.391499 -0.220583
421 0.699083 -0.905303 0.446509
966 0.731770 -0.332491 0.585028
703 1.110276 -0.044429 0.131391
177 1.120128 0.620929 1.521976
1431 0.916533 -1.056404 0.090677
168 1.329424 0.816830 1.414479
1254 0.675946 -0.741733 0.522266
778 0.901731 -0.899150 0.114235
984 1.181401 -0.355973 -0.128254
464 0.666789 -1.047129 0.496292
517 0.877459 -0.924843 0.159874
286 1.143513 -0.534080 -0.158670
993 0.893826 -1.114065 0.076885
745 0.796503 -0.942171 0.250148
366 0.720878 -0.867269 0.404305
1054 0.760526 -0.975018 0.340446
1499 1.155910 -0.382500 -0.095144
1470 0.916659 -1.020153 0.077676
1293 0.743663 -1.222993 0.351018
1489 0.776006 -1.439934 0.273939
959 0.568313 -1.433665 0.654897
267 1.241818 0.019587 0.002044
547 0.965352 -0.887744 0.040831
335 0.698988 -0.741972 0.500201
1410 0.796581 -1.023996 0.281203
944 0.733858 -0.946279 0.403735
934 0.769055 -1.430443 0.315477
12 0.685271 -1.178655 0.427597
548 1.334260 0.779259 1.216083
475 0.731385 -0.834327 0.399441
543 0.472747 -1.287899 0.847506
358 0.826633 -0.917249 0.220416
455 1.310238 0.761138 1.052466
446 1.319992 -0.594037 -0.397331
506 0.924039 -0.975475 0.083759
719 1.141271 -0.324202 -0.057102
613 0.928943 -1.085307 0.039728
354 1.028577 -0.646337 0.002411
781 0.820199 -0.999602 0.217108
933 0.620675 -1.514635 0.507441
199 0.750478 -1.326633 0.335290
1448 1.481142 -0.079643 -0.369518
476 0.728651 -1.200999 0.378880
150 1.301844 -0.208778 -0.208569
1090 1.345121 -0.041526 -0.173237
1380 0.986549 -0.827782 0.003131
992 1.024632 -0.882019 -0.060581
91 0.918634 -0.988048 0.067427
950 0.903223 -0.803816 0.131953
1271 0.937118 -0.993228 0.062062
72 0.845367 -0.841073 0.218029
414 0.964599 -1.119632 0.005321
487 0.858868 -0.883127 0.187242
359 0.817104 -1.007891 0.215329
1296 1.061345 0.169217 0.380497
1376 0.881156 -1.170607 0.126917
134 0.746050 -1.113281 0.359724
1145 1.484062 -0.260356 -0.427594
347 0.938194 -0.804883 0.088944
70 1.579731 -0.115948 -0.476183
206 0.856927 -0.936671 0.177089
452 1.416546 -0.222914 -0.356934
1477 0.807572 -0.565444 0.361030
816 0.706184 -1.148727 0.389783
238 1.221624 -0.348330 -0.161039
450 1.230982 -0.269567 -0.133808
1475 1.095570 0.536530 1.258384
1025 1.062226 -0.179371 0.146149
1316 1.263677 0.734654 1.423772
636 0.939443 -0.665814 0.130909
189 0.792116 -1.096532 0.254560
1017 1.349853 -0.259061 -0.289950
438 1.060885 -0.645128 -0.064208
572 0.820934 -1.083257 0.221332
1466 1.221419 -0.400431 -0.178723
1502 0.763430 -1.004890 0.319615
325 1.169043 -0.639385 -0.212428
1235 0.897684 -1.168329 0.094488
265 1.339471 0.796915 1.550182
927 0.725535 -1.031391 0.399929
52 0.822411 -1.015367 0.217492
412 1.679276 -0.063772 -0.563131
1202 0.842974 -0.616471 0.285704
303 0.856372 -0.892528 0.200895
1268 0.880762 -0.485191 0.254855
611 0.690626 -1.185162 0.418469
362 1.107227 0.585693 1.379577
878 1.506035 -0.236684 -0.457287
843 0.846145 -1.055317 0.224216
1329 0.954693 -1.088778 0.008451
1133 0.881415 -0.910330 0.173977
919 1.304671 0.814008 1.492377
407 0.787607 -0.821550 0.315378
1505 0.785283 -0.982554 0.271286
266 0.837632 -0.872757 0.210592
1278 0.756351 -1.161971 0.316741
851 1.075868 -0.803229 -0.093819
690 1.005112 -0.895274 -0.028663
649 0.897078 -1.267461 0.094723
2 0.667583 -1.298444 0.485837
1478 1.468969 0.927230 1.460215
1103 0.762699 -1.153013 0.306251
217 1.211515 0.660557 1.098252
86 1.388478 0.874388 1.572735
472 0.936245 -0.732471 0.105436
886 1.441341 -0.289294 -0.399813
660 1.210519 -0.467080 -0.205479
152 1.377275 -0.448809 -0.390755
197 1.420615 -0.064123 -0.266921
1108 1.441976 -0.048385 -0.295251
1008 1.403416 0.872031 1.123223
1117 0.782362 -1.003172 0.281007
1290 0.805341 -0.525924 0.351199
995 0.569456 -1.379769 0.665582
762 0.749685 -1.303294 0.339267
345 1.242995 0.712716 1.327351
1068 1.462372 -0.000474 -0.312728
1259 1.259357 -0.195490 -0.152351
723 0.656429 -0.718025 0.586041
596 0.918030 -0.707067 0.123086
282 1.052592 -0.287008 0.089769
639 0.849509 -1.046560 0.200862
629 0.739698 -1.291071 0.373526
1323 1.387208 -0.266978 -0.337632
924 0.924466 -0.776566 0.101879
780 0.984007 -1.042858 -0.013323
972 1.325245 -0.324453 -0.306919
369 1.407038 -0.196718 -0.329174
689 1.459721 -0.242371 -0.388853
516 1.299779 -0.025726 -0.105757
635 1.193337 -0.013558 0.057403
965 0.760187 -1.081992 0.349524
1460 1.203510 0.632274 0.911586
507 1.652323 -0.003811 -0.493185
310 1.552665 -0.045781 -0.395926
19 1.322219 0.806738 1.479258
559 0.633437 -1.142192 0.517709
641 1.375669 -0.171500 -0.273877
269 0.767403 -1.091368 0.294730
164 1.374629 0.830962 1.605869
586 1.374663 -0.157403 -0.262211
573 0.801889 -0.860657 0.294085
538 1.514482 -0.011836 -0.344715
1494 1.401694 -0.134615 -0.278427
647 0.646497 -1.308509 0.513042
1273 0.612296 -1.233953 0.623421
301 0.772916 -1.205772 0.285264
351 1.250837 -0.401550 -0.218633
9 1.323822 0.823336 1.549558
735 1.032962 -0.847819 -0.055602
1317 1.164007 -0.314412 -0.087537
1242 1.488946 0.024416 -0.314132
1287 1.568773 -0.102565 -0.444284
1345 1.514941 -0.159119 -0.417274
231 1.156798 -0.594834 -0.162351
1156 1.453992 0.911689 1.703507
1187 1.396042 -0.175358 -0.314483
662 0.848957 -0.979288 0.203625
949 0.931118 -0.919097 0.068480
610 1.329646 -0.299840 -0.262967
1486 1.372267 0.843868 1.512602
20 1.392875 -0.152371 -0.304595
216 0.631583 -1.393433 0.546667
1307 0.988989 -0.727226 0.024381
1504 1.377895 0.155309 -0.096522
857 1.129876 -0.778108 -0.186077
78 0.713755 -1.294271 0.385172
876 0.797183 -1.170375 0.257212
1408 1.082511 -0.312179 0.025164
912 1.637755 0.054687 -0.457554
160 0.622873 -1.091718 0.583612
1130 1.007376 -0.788114 -0.003551
844 1.254973 -0.057852 -0.066539
742 0.704762 -1.103520 0.426408
626 0.849866 -0.879367 0.230810
1471 1.566311 -0.029803 -0.409358
902 0.875915 -1.227680 0.102232
1362 0.851977 -1.231798 0.135432
1058 1.385267 0.829934 1.536581
41 1.492631 -0.025867 -0.322103
1389 1.633584 0.143967 -0.404821
632 1.501753 -0.212658 -0.446113
1131 0.635162 -1.036568 0.512760
1391 0.897273 -0.780504 0.157750
749 1.219998 0.702473 1.365997
603 0.925811 -1.117878 0.079145
511 1.765139 0.069734 -0.551351
445 0.721444 -1.124821 0.387040
25 0.710156 -1.249576 0.381485
678 0.820438 -1.155658 0.226836
627 0.868730 -0.685014 0.239621
1430 1.313090 0.754801 1.265125
1274 1.383595 -0.167883 -0.274441
1064 0.967817 -1.086595 0.020175
766 1.554498 -0.024369 -0.399668
692 0.841238 -0.931607 0.191975
1023 1.352451 0.820633 1.360198
338 0.780223 -0.556251 0.393398
687 0.769481 -1.360124 0.293683
146 0.796807 -1.261054 0.246526
1067 1.288125 -0.105334 -0.134968
1106 1.318972 0.788178 1.608662
1392 1.199427 0.692170 1.288389
292 1.401748 -0.102838 -0.291309
1311 1.483060 -0.196790 -0.404836
444 1.444284 -0.244702 -0.390695
1284 1.510449 0.128410 -0.298317
53 1.293422 0.779053 1.387383
202 1.540532 -0.116418 -0.427694
145 1.350795 -0.118729 -0.220831
1213 0.895359 -1.122341 0.088177
904 1.025445 -0.720756 -0.027024
1146 0.780084 -1.089069 0.275198
871 0.914422 -1.002622 0.093391
1066 0.548342 -1.101426 0.675003
711 0.775327 -1.116957 0.283547
542 1.524658 0.003996 -0.354594
271 0.572773 -1.056034 0.670731
257 1.288342 0.761236 1.585909
654 1.315763 0.796409 1.434394
1324 1.454444 0.917387 1.591307
1320 1.239052 0.715230 1.497922
1182 1.280467 0.800887 1.644208
105 0.441070 -1.415501 0.971467
881 0.857976 -0.599940 0.292654
664 0.690153 -1.307400 0.435019
38 1.660053 -0.039716 -0.501091
714 1.750486 0.105054 -0.531990
1161 0.965411 -0.891533 0.016172
883 0.791332 -0.751879 0.328990
515 1.182777 -0.280212 -0.102691
621 1.198566 0.658779 1.651510
604 0.675844 -1.108326 0.484937
458 1.397487 -0.094762 -0.246663
112 1.396799 0.817842 1.537149
1336 0.862830 -0.686638 0.221921
375 0.918911 -0.392610 0.214392
33 1.608038 0.031584 -0.413929
312 1.357568 0.856177 1.698681
897 1.341449 -0.052132 -0.160716
227 0.886533 -0.808622 0.152711
633 0.712076 -1.301556 0.394380
410 1.209492 0.675311 1.634909
769 1.536914 0.052168 -0.368253
585 1.466124 -0.223298 -0.399355
810 1.423032 0.863374 1.529480
874 0.462738 -1.308883 0.856085
997 1.500968 -0.034370 -0.347720
493 1.358885 0.834958 1.557492
859 1.379044 -0.101637 -0.231838
1077 1.583302 -0.033871 -0.451706
1123 1.532254 -0.124909 -0.419707
846 1.025086 -0.694467 -0.031601
1479 1.213934 -0.481256 -0.226088
553 0.931911 -1.027190 0.045394
8 0.786755 -1.093374 0.268367
557 1.557295 -0.170999 -0.467358
1405 1.515893 -0.324412 -0.496551
424 0.727679 -1.129922 0.360245
1224 0.947916 -1.010026 0.072273
990 1.310493 -0.249420 -0.260946
1260 0.877563 -0.869962 0.150943
283 0.996251 -0.935490 -0.015190
936 1.362540 -0.394106 -0.343930
918 1.274612 0.733157 1.520881
479 0.791816 -1.250215 0.234000
665 1.280483 0.743734 1.222740
580 1.335901 -0.081082 -0.153471
578 1.613008 0.449665 -0.152181
1205 1.134794 0.590699 1.508296
1286 1.470553 -0.186249 -0.383820
868 0.833607 -0.835630 0.215046
219 0.853158 -0.751727 0.255204
1209 1.532633 -0.081144 -0.397086
24 0.873938 -1.044196 0.146169
1210 0.742603 -1.171439 0.340949
1150 0.757766 -0.920784 0.351352
1368 1.609821 -0.162958 -0.508435
95 0.802137 -0.504322 0.393579
370 0.845057 -0.860844 0.200749
675 0.776823 -0.889314 0.354211
1175 1.022802 0.463620 1.239015
652 0.802344 -0.757560 0.315463
179 0.754122 -0.725495 0.368708
1225 0.719342 -1.209044 0.356516
385 1.334568 0.772841 1.220620
167 1.298569 0.786559 1.465583
118 0.619413 -1.196269 0.581036
1005 0.654708 -0.894404 0.536744
1020 0.874861 -0.716363 0.202496
531 1.265017 -0.380447 -0.229538
577 1.294854 -0.388023 -0.276852
866 0.847809 -0.997772 0.178910
226 1.221607 -0.496065 -0.215793
1116 0.555560 -1.472562 0.694999
391 1.472911 -0.268155 -0.415031
296 0.918530 -0.895076 0.106323
1321 0.725459 -0.623768 0.481103
571 1.393980 -0.172788 -0.305049
532 1.591060 -0.124616 -0.490812
758 0.900177 -1.136772 0.092904
892 0.598730 -1.436105 0.632626
648 0.932962 -1.147820 0.035946
84 1.309334 -0.144849 -0.162600
376 1.083001 -0.599640 -0.095364
333 0.912243 -1.188033 0.079004
822 1.168023 -0.860940 -0.281703
488 0.935707 -1.207561 0.035487
356 1.090414 0.562384 1.503460
985 1.520676 -0.149779 -0.419737
1078 0.945019 -1.088794 0.041153
738 0.911128 -1.020697 0.095048
437 1.489460 -0.080303 -0.346628
784 1.318647 0.800814 1.636853
429 1.317273 -0.206901 -0.211676
759 0.930273 -0.700269 0.124349
1179 0.905241 -0.832503 0.127648
520 1.192830 -0.248858 -0.086141
625 0.933466 -1.008884 0.072486
228 0.855132 -0.785170 0.230509
104 1.324442 0.806135 1.746445
1216 1.368093 -0.150120 -0.257278
71 0.663273 -1.364521 0.510827
32 1.076517 0.381871 0.666737
1399 1.389258 -0.054756 -0.223272
645 1.482980 -0.124484 -0.386536
133 1.465235 -0.041935 -0.317361
657 1.602295 0.175073 -0.359124
1294 0.821609 -1.176725 0.208991
609 1.411537 0.858767 1.625835
894 0.874934 -1.075063 0.121808
787 0.997221 -1.251852 -0.066440
945 0.656147 -0.602950 0.641306
1014 0.783454 -0.998392 0.279414
236 1.035364 -0.295207 0.106407
1424 1.155749 -0.248938 -0.041889
803 1.374445 -0.281839 -0.332882
1253 1.691993 0.080029 -0.485403
211 1.075340 -0.562592 -0.055094
1071 1.399897 -0.055329 -0.243910
1200 1.311680 0.802463 1.413567
1191 0.893910 -1.025477 0.093243
1503 1.345607 -0.404315 -0.313217
539 1.175826 0.604617 1.261242
994 1.094319 0.574474 1.460988
1196 1.290434 0.059405 -0.078056
828 0.870672 -1.165303 0.143512
327 1.720064 0.134590 -0.480029
514 1.440286 -0.245391 -0.375059
782 0.904765 -1.112595 0.096824
142 1.666629 0.081923 -0.467546
998 1.270301 -0.135836 -0.127771
1359 0.901460 -1.290574 0.097957
1165 1.358846 -0.172016 -0.255224
794 0.871398 -0.974850 0.147629
237 1.357344 -0.146538 -0.243754
1272 1.060043 -0.690987 -0.048936
128 0.896807 -1.299130 0.101692
552 0.904500 -1.160605 0.070979
1386 0.736824 -0.991357 0.389319
276 1.415082 0.905888 1.484702
1509 1.423864 -0.352881 -0.399192
159 1.413764 0.901907 1.565613
18 1.382841 -0.203750 -0.286018
1086 0.537977 -1.114801 0.733053
1111 0.792707 -1.373638 0.263442
239 1.246903 0.720134 1.477966
1052 1.298393 0.773651 1.563159
1010 1.470787 -0.101602 -0.353094
90 0.962252 -0.973853 0.025337
390 0.817715 -0.646295 0.339769
1199 1.192258 -0.135650 -0.021167
702 1.229113 -0.479292 -0.221820
275 0.782278 -1.290287 0.274078
1070 0.750187 -0.695421 0.416668
1313 1.380774 -0.256809 -0.317929
54 1.335623 -0.174259 -0.235323
1515 0.843229 -1.034717 0.222533
1158 0.759837 -1.186387 0.338828
64 0.768173 -1.373424 0.311554
925 1.530792 -0.178685 -0.436929
1432 0.870619 -0.960430 0.163640
1381 0.892490 -0.636645 0.189465
83 1.233245 0.659366 1.021651
1084 1.323936 -0.222039 -0.228245
595 1.704594 0.149647 -0.432935
492 1.240681 0.702737 1.556566
551 1.092720 0.608892 1.490369
524 1.118149 -0.105096 0.081079
135 1.504322 0.942510 1.508658
482 1.565948 0.144048 -0.318655
1170 1.449216 -0.251482 -0.389038
591 1.458314 -0.321248 -0.435203
97 0.742349 -0.735656 0.423360
3 0.587283 -1.412426 0.625615
180 0.886026 -1.016306 0.115358
809 0.989288 -1.120082 -0.046807
930 1.149643 -0.274047 -0.042151
157 1.194249 -0.553231 -0.224392
969 0.961965 -0.799263 0.057894
1057 0.884648 -0.686754 0.208252
1186 1.437195 0.916230 1.362716
888 1.652006 0.038377 -0.460565
729 0.859942 -0.947312 0.193305
298 0.372017 -1.296075 1.017547
1159 1.698519 0.018149 -0.529081
691 0.676579 -0.977364 0.446832
825 0.972639 -0.524788 0.083528
185 1.244023 -0.284109 -0.200036
40 0.625531 -1.001038 0.602370
940 1.402425 0.859202 1.515525
329 1.442299 0.896603 1.594063
788 0.588608 -1.473023 0.588909
183 0.633439 -0.921758 0.551099
1046 0.925400 -1.127690 0.063767
1073 1.278207 -0.164945 -0.144228
1327 0.891070 -0.778524 0.167347
491 0.984036 -1.079456 -0.017126
119 1.181319 -0.640879 -0.207406
1016 1.313205 -0.235908 -0.234271
314 1.423611 0.884550 1.258758
862 0.988183 -0.954900 0.001342
344 0.922334 -1.160372 0.065443
322 0.827213 -1.266361 0.207256
443 1.481606 0.943619 1.513712
1144 0.826568 -1.291496 0.198756
406 1.510054 0.114947 -0.281675
31 0.675737 -1.273350 0.432878
1492 0.738572 -0.731513 0.429339
1163 0.711580 -0.172948 0.773838
698 1.450129 -0.126896 -0.334756
277 1.237211 -0.219902 -0.128832
98 0.843372 -0.735558 0.224269
564 1.571069 -0.171927 -0.491516
976 1.454820 -0.165091 -0.386350
861 0.418349 -1.167736 0.968030
1215 0.952645 -1.083178 0.012052
777 1.000983 -0.702178 0.027747
1265 0.947978 -1.094433 0.035705
1458 0.828165 -1.125248 0.247916
772 0.385867 -1.412488 1.007408
149 0.921588 -0.930952 0.099259
1162 1.413805 0.880682 1.478058
178 1.121946 0.616234 1.737010
274 0.657256 -1.320148 0.483568
169 0.942599 -0.980443 0.053608
525 1.435085 -0.257461 -0.375165
599 0.857065 -1.166897 0.148795
60 1.224646 0.711647 1.721417
812 1.027773 -1.077696 -0.046188
849 1.531154 -0.355286 -0.548959
761 1.542550 -0.147831 -0.432925
1095 0.605508 -0.875376 0.635472
66 1.363536 0.826071 1.515178
1449 1.355695 0.857716 1.611260
1258 1.297945 -0.273780 -0.230289
1436 1.353933 0.805245 1.155677
734 1.233151 -0.310911 -0.160356
1422 0.659467 -1.356754 0.483083
399 1.100427 0.578264 1.353187
1297 0.734467 -1.445744 0.399579
225 1.105992 0.534383 1.153005
201 0.882860 -0.713138 0.213462
402 1.153832 -0.657985 -0.181509
1443 1.447373 -0.060120 -0.319639
1177 1.345979 0.814513 1.564744
907 1.450330 0.106965 -0.208773
196 1.390378 0.852269 1.731344
1415 1.385731 -0.476694 -0.429293
845 1.238344 -0.499083 -0.228065
423 1.616814 0.263119 -0.316073
175 0.745956 -0.824619 0.379242
911 1.391886 -0.215242 -0.323310
121 0.735348 -1.331472 0.351279
521 0.947162 -0.724489 0.068894
1350 1.275008 -0.262287 -0.178271
1291 0.901236 -1.394443 0.045822
716 0.813555 -1.033246 0.256536
555 0.855314 -0.882903 0.191278
717 0.674107 -1.382028 0.468267
576 1.032487 -0.891242 -0.060656
299 0.723655 -1.192214 0.368472
1264 0.593558 -1.275375 0.590381
1184 0.598394 -1.328272 0.583578
163 1.582081 0.179258 -0.315497
1222 0.470089 -1.212482 0.908617
826 0.778904 -0.965189 0.326624
130 1.348836 0.832227 1.630613
1513 0.908525 -1.129307 0.076411
981 0.788413 -1.210924 0.249116
798 1.497362 0.090371 -0.287647
646 1.008144 -0.876876 -0.010227
1237 1.372837 0.842774 1.612502
1473 1.520173 -0.064551 -0.377632
251 1.376800 -0.313773 -0.346363
1122 1.467886 0.023362 -0.291258
140 1.180725 0.636084 1.367798
1339 0.715527 -1.281598 0.410943
1217 0.817487 -0.822916 0.259876
956 0.821455 -1.120751 0.212245
1295 1.242559 0.733322 1.661349
1051 1.273488 0.043012 -0.024978
764 1.692842 -0.040391 -0.561344
305 1.129677 -0.008608 0.144019
757 0.962780 -0.855472 0.048447
1172 1.164259 -0.066625 0.046373
1349 1.402186 0.848544 1.629225
165 0.957450 -0.806476 0.048666
1006 0.762338 -1.230962 0.313065
1136 1.390621 -0.067594 -0.249153
700 0.798998 -0.952135 0.270658
435 1.308992 0.781644 1.658394
693 1.479241 0.941589 1.615821
96 1.369456 0.806777 1.384848
953 1.308523 0.787395 1.583889
1190 1.366979 0.800273 1.700459
1308 1.034548 -0.714528 -0.041695
5 1.632528 0.188797 -0.342596
1080 1.116751 -0.052923 0.157768
1189 1.399098 -0.356400 -0.377549
401 1.476986 0.052643 -0.283532
1075 0.605833 -1.425267 0.585576
396 0.932375 -0.997858 0.079557
644 1.426226 -0.196131 -0.325684
63 0.954706 -0.762883 0.067528
1426 0.676183 -1.170912 0.460872
205 0.867197 -1.053305 0.150435
495 0.825364 -0.968118 0.229087
715 0.975051 -0.643240 0.070979
709 1.548484 0.224305 -0.257949
737 0.864979 -1.003923 0.174290
368 1.321645 0.787885 1.376732
932 0.469588 -1.479997 0.900769
1472 1.286185 0.742983 1.251238
1413 0.975954 -1.232085 -0.017264
138 0.970233 -0.693138 0.049855
1496 1.374907 -0.109811 -0.263783
360 0.820951 -0.766173 0.271173
468 0.734486 -1.169466 0.349254
1129 1.557742 -0.208053 -0.503472
11 0.500928 -1.438373 0.818726
963 0.360115 -1.696796 1.089807
581 0.770120 -1.239440 0.292407
964 1.414020 0.864898 1.361379
957 0.987031 -0.580999 0.079920
1267 1.370582 -0.009378 -0.184069
308 1.358975 -0.386057 -0.351546
82 1.727292 -0.097662 -0.602780
864 1.691962 -0.127416 -0.584637
765 1.338719 0.842701 1.457392
819 0.763055 -0.827186 0.359815
1404 1.328184 -0.233373 -0.290610
21 0.875057 -0.701030 0.188961
583 0.843382 -1.063994 0.188959
460 0.412878 -1.305939 1.014974
1467 0.809138 -1.026914 0.225604
661 0.678169 -1.270624 0.451032
560 1.642431 0.107088 -0.445602
425 1.361140 -0.234402 -0.274328
15 1.397954 0.859387 1.522383
39 1.350003 0.806843 1.731204
272 0.460882 -1.278501 0.894920
151 0.715309 -1.238089 0.412409
1461 0.405417 -1.165987 0.986726
1328 1.687517 -0.052130 -0.558645
527 0.789573 -1.019041 0.295757
1462 0.931418 -1.138561 0.038544
544 0.908547 -0.612984 0.184181
102 1.347301 0.854511 1.601920
1155 1.506896 0.236083 -0.190201
592 1.655535 0.003688 -0.495299
582 1.275903 0.788043 1.551169
462 1.381152 -0.088186 -0.242727
367 1.238029 0.692118 1.443602
1107 0.970509 -1.104013 -0.008871
763 1.276672 -0.139187 -0.148716
395 1.328940 0.797109 1.389906
408 1.308101 0.769344 1.611850
1098 0.744654 -1.166894 0.329411
978 0.822571 -0.979257 0.219774
422 4.418360 -1.899104 1.873631
17 4.246748 -1.480181 2.034940
23 5.008153 -1.155241 1.233368
882 4.983996 -1.228130 1.225240
77 3.223065 -1.670551 3.960735
1045 3.153868 -1.719140 3.977820
528 4.296499 -1.361966 2.007788
81 4.405275 -1.917670 2.011419
802 1.392153 -0.019713 -0.218469
1119 0.770517 -1.175477 0.282922
1305 0.613579 -1.245395 0.550815
1195 1.482709 -0.098335 -0.353433
1053 1.487851 0.935515 1.578776
339 0.863172 -1.158289 0.146323
1101 1.532480 -0.272533 -0.481983
685 0.831939 -1.106248 0.193663
1087 1.570226 0.038969 -0.376772
1396 0.313020 -1.554714 1.295405
141 1.783462 -0.063949 -0.663096
708 0.702870 -0.609050 0.551923
320 1.478217 -0.218831 -0.387355
1085 1.257448 -0.048190 -0.076522
915 1.429430 -0.128374 -0.321460
1243 0.864865 -0.929919 0.187567
1157 1.495808 -0.100494 -0.378348
835 1.371507 -0.290012 -0.308444
588 0.696054 -1.096502 0.423364
243 0.718977 -1.604507 0.429377
615 0.782514 -0.672890 0.353944
337 0.890431 -1.153415 0.109361
261 1.596780 0.026267 -0.399790
361 0.894690 -0.276268 0.315553
200 1.382146 0.817913 1.784767
899 1.007200 -1.144823 -0.050972
628 1.576323 -0.022994 -0.420596
796 1.157791 -0.680127 -0.165615
191 0.747555 -1.206650 0.342829
1428 0.894108 -1.252814 0.087911
1298 0.368661 -1.319787 1.143545
195 0.765243 -0.772519 0.354287
215 0.900342 -0.393493 0.262937
889 0.851593 -0.829490 0.180144
453 1.372594 0.861274 1.552522
617 1.327489 0.783809 1.516750
744 1.478041 0.939874 1.399954
45 0.514157 -1.474303 0.769517
1135 1.458375 -0.584477 -0.539625
842 1.198546 0.024453 0.049747
259 1.249389 0.710242 1.700974
288 1.796013 0.251810 -0.500406
818 0.806061 -1.418073 0.238879
37 0.462697 -1.189388 0.902013
1388 0.879674 -0.838290 0.159999
594 1.373278 -0.328543 -0.320125
478 0.897612 -0.944195 0.138532
799 1.295991 0.795072 1.664735
42 0.776187 -0.957824 0.309907
814 1.424841 -0.056394 -0.261987
893 0.744972 -1.143562 0.325062
394 1.157380 -0.476322 -0.148696
43 0.573042 -1.323614 0.643927
100 1.462403 0.906033 1.606650
117 1.494556 -0.229920 -0.432934
1377 1.342354 0.784463 1.593794
1137 0.370680 -1.347972 1.059708
1096 0.899794 -0.978063 0.125388
1433 1.048133 -1.080533 -0.116370
872 1.245246 0.706010 1.509878
1168 0.528695 -1.433917 0.745323
44 0.843089 -0.862664 0.200839
537 0.766398 -1.176068 0.313659
1112 0.831703 -0.959476 0.218798
901 1.384893 0.840287 1.649501
188 1.153479 0.649845 1.640574
14 1.462085 0.897563 1.781486
937 0.691803 -1.284812 0.431428
1181 1.364702 0.817067 1.182623
1341 1.260075 -0.116441 -0.090134
56 1.335174 0.789741 1.284613
942 0.966222 -0.455828 0.127340
563 0.853907 -1.351597 0.174719
832 1.521168 0.974789 1.770272
193 0.782365 -1.214272 0.309200
669 1.110752 0.586614 1.183748
1276 1.339646 -0.273647 -0.275287
477 0.818833 -0.923891 0.259934
50 1.234531 0.705433 0.930215
622 0.433919 -1.483529 0.947675
1256 1.026758 -0.945434 -0.063039
307 0.775479 -1.006762 0.306071
561 0.700231 -1.177979 0.409680
612 1.018722 0.493383 1.507178
855 0.920923 -0.845698 0.094658
1418 1.017390 -0.849550 -0.050394
785 1.360144 0.873326 1.413332
1000 0.752103 -0.664882 0.385886
1270 0.593125 -1.555207 0.614396
1072 1.509310 0.973726 1.692581
887 0.953499 -0.393037 0.169376
1212 0.893888 -0.854233 0.151877
372 0.908137 -1.225990 0.060981
398 1.466284 -0.277749 -0.416595
36 1.217855 0.709239 1.659892
1346 0.680985 -1.146438 0.448312
634 0.864500 -1.053273 0.136701
873 1.650135 0.323746 -0.292336
1055 1.396116 -0.254675 -0.315443
148 0.600059 -1.393964 0.592314
567 0.991670 -0.338220 0.136886
656 1.142481 0.609658 1.204968
509 1.639750 0.007142 -0.507270
1447 1.105876 0.583546 1.440654
353 1.022170 -0.423878 0.063309
831 0.706030 -0.940134 0.417509
667 1.395881 -0.052668 -0.234557
1469 1.393564 0.015539 -0.187858
94 0.288230 -1.721691 1.419768
48 0.929277 -0.995398 0.073480
587 0.869639 -0.970179 0.153923
1512 1.284665 -0.305664 -0.225301
203 1.397596 -0.276781 -0.369436
1455 1.356010 0.842994 1.573541
748 1.415878 -0.269797 -0.347750
1360 0.984189 0.173245 0.585993
833 0.878968 -0.747706 0.241588
699 0.895267 -0.893690 0.147749
530 1.132999 -0.503600 -0.106819
939 0.949922 -1.250866 0.006984
1105 1.639968 -0.030575 -0.524999
1152 0.789818 -0.980428 0.313469
1207 0.992420 -1.011414 -0.016686
439 1.389929 -0.016964 -0.198790
1188 0.893319 -0.830890 0.140862
1425 1.086761 -0.497444 -0.044548
1487 0.759648 -1.228364 0.330165
732 0.549147 -1.238196 0.711722
1374 1.231301 0.745717 1.680149
111 0.799580 -0.996511 0.268108
409 0.633331 -0.892722 0.554711
331 1.515425 0.133646 -0.292125
682 1.077285 0.527615 1.298100
1180 1.373279 -0.350398 -0.388698
1331 0.692683 -1.285149 0.429441
1166 1.383076 0.842016 1.711325
1059 0.637317 -0.975368 0.550862
1197 1.313779 -0.482501 -0.331963
917 0.743162 -1.035787 0.355060
1102 1.273385 -0.293005 -0.185274
447 1.458696 0.069572 -0.263585
1037 1.138161 0.603604 1.311897
285 1.110733 -0.617780 -0.084949
317 0.915821 -1.101023 0.098776
1393 1.684639 -0.106534 -0.574171
386 1.481546 0.933998 1.375258
898 0.474327 -1.510162 0.886646
323 0.425409 -1.329920 0.938157
549 0.669665 -1.346074 0.468485
663 1.794627 0.300410 -0.483853
1245 0.865627 -1.003829 0.172175
341 1.300812 -0.298885 -0.244106
68 0.561225 -0.802780 0.741107
1062 1.425846 -0.129239 -0.325817
820 1.382101 -0.142274 -0.274913
754 0.553205 -1.085618 0.677409
1385 1.561013 -0.092174 -0.439242
740 1.379033 0.837778 1.279713
891 0.825983 -0.892544 0.252921
371 0.887993 -1.194328 0.072100
550 0.712727 -1.457855 0.401954
75 0.798702 -0.968392 0.259782
1241 0.881758 -0.946431 0.153877
1118 0.665917 -1.232302 0.492385
1248 1.522972 0.071596 -0.305994
906 1.228920 -0.266286 -0.122963
1061 1.269345 0.788055 1.586151
768 1.077096 -0.431539 -0.007535
30 1.617729 0.053779 -0.411918
1495 1.097780 -0.058204 0.141409
502 1.453796 -0.497564 -0.474574
1420 1.404123 0.878715 1.524754
1280 1.669371 0.031746 -0.489427
946 1.241524 -0.386119 -0.212552
499 1.357797 0.847013 1.438252
1 0.892772 -1.088296 0.123008
1104 1.506548 0.082037 -0.318673
392 0.952953 -0.916619 0.060364
1230 1.333797 -0.160605 -0.208627
1439 0.789967 -0.560779 0.349004
1397 1.354427 0.819139 1.603566
1493 1.005289 -0.679887 0.014924
108 0.337516 -1.482617 1.166056
1208 0.904737 -1.061370 0.099918
1223 1.116220 -0.638306 -0.125968
490 1.593083 -0.196162 -0.524874
340 0.452460 -1.536743 0.896224
1100 0.947017 -0.946899 0.053807
486 0.691884 -1.241699 0.438910
1375 0.856401 -1.061322 0.150212
252 0.735320 -1.258341 0.342994
676 1.153439 0.609546 1.435317
804 0.906331 -0.939649 0.114736
49 0.529133 -1.239602 0.748774
746 0.773933 -1.244952 0.285633
155 1.101720 -0.617230 -0.110422
92 1.112744 -0.582803 -0.125565
1002 1.383759 -0.224019 -0.312147
247 1.415537 0.867593 1.674863
1480 1.238139 -0.345226 -0.198466
343 1.444272 0.916279 1.538985
416 1.507685 0.940614 1.471189
1033 1.342742 0.820049 1.658380
1236 0.777431 -0.707338 0.350708
204 1.352815 0.775100 1.328766
558 0.955972 -1.187235 -0.000660
1463 0.966800 -1.248577 -0.012569
1398 0.802573 -1.474140 0.235234
905 0.856073 -0.934799 0.208646
129 0.853548 -0.739918 0.236858
184 0.848103 -1.226866 0.190140
250 0.722606 -1.411471 0.347102
281 1.578546 -0.059560 -0.451771
459 1.032801 -0.714191 -0.007791
1516 0.466074 -1.589250 0.965901
991 0.620774 -1.073527 0.614052
1143 1.218350 0.692332 1.394050
637 0.567643 -1.166946 0.666967
909 0.827844 -1.472329 0.104682
779 0.722660 -1.024861 0.416666
85 1.500462 -0.195419 -0.459966
659 0.329191 -1.515383 1.259278
456 0.918075 -1.112437 0.071404
1382 0.709825 -1.367160 0.408509
1121 1.551267 0.058477 -0.387522
1063 0.481174 -1.539886 0.828481
522 1.393417 0.856394 1.438185
304 1.351110 -0.184830 -0.252035
786 0.590249 -1.103872 0.620927
1353 0.781687 -1.073225 0.268842
1332 0.693609 -1.130970 0.428203
1485 0.626777 -1.522567 0.558389
1506 1.446078 -0.000358 -0.230198
1120 1.348013 0.802127 1.589995
1076 1.080164 0.434246 0.779052
1154 0.705191 -1.103282 0.373067
903 1.069176 -0.350676 0.001151
244 0.773142 -1.356055 0.296416
512 0.811622 -1.179651 0.219113
1468 0.304448 -1.321389 1.242730
80 1.044086 -0.249539 0.085416
971 0.781274 -1.295831 0.265782
1141 0.857281 0.232377 1.086188
1048 0.887456 -1.201790 0.123064
235 0.834297 -1.059501 0.233659
608 1.194872 -0.572282 -0.195197
879 1.108597 -0.938242 -0.191502
1094 1.406947 -0.203211 -0.328548
62 1.429085 -0.097126 -0.279703
508 1.401059 -0.176840 -0.295438
970 1.065568 -1.135734 -0.125025
1042 0.714611 -0.631468 0.483755
790 0.944108 -0.911577 0.047486
254 1.636857 0.005251 -0.449742
1065 1.056140 0.433958 0.921828
815 0.725030 -0.270407 0.649684
411 0.681497 -1.067384 0.445295
110 0.641742 -1.410132 0.515845
1417 1.172588 -0.194791 -0.012011
1079 1.495729 -0.139433 -0.404017
1510 0.706241 -0.865459 0.485998
494 1.261851 0.736803 1.247419
263 0.740407 -1.096683 0.306228
1335 1.318440 0.756067 1.332995
330 0.867598 -1.114372 0.104005
741 0.844250 -1.062605 0.161072
916 0.792794 -1.074246 0.300021
463 0.618202 -1.253911 0.590036
707 0.793429 -1.214358 0.232917
400 1.126125 0.612842 1.394780
683 0.596499 -0.614117 0.775008
255 0.884429 -1.479572 0.112658
497 1.308193 0.774582 1.671950
1021 0.599211 -0.678126 0.674418
727 0.614289 -1.262705 0.548070
103 1.368858 -0.270017 -0.340835
1091 0.675615 -1.064193 0.453347
123 1.067509 -0.306408 0.063621
935 1.335309 -0.344054 -0.318847
74 0.927380 -1.237663 0.045211
377 1.512430 -0.404298 -0.525081
504 1.350189 -0.404272 -0.349487
1036 1.360447 0.865622 1.647371
1348 1.475354 0.931377 1.763733
483 1.244159 -0.362168 -0.215213
318 0.888578 -1.109974 0.113818
865 0.548743 -1.340427 0.698693
1402 1.225096 -0.436558 -0.196873
1401 1.042787 -0.811574 -0.062480
1149 0.776258 -0.886702 0.284314
850 1.661245 0.141274 -0.419332
440 1.042996 -1.032036 -0.144715
181 0.918410 -1.160847 0.060482
378 1.256035 0.729420 1.723077
1446 0.859108 -0.442834 0.287904
58 0.696930 -1.200440 0.379697
821 1.233172 0.719336 1.455222
877 0.546630 -1.384084 0.730985
1395 0.654401 -1.291052 0.493756
65 1.419527 -0.321013 -0.406067
755 0.893021 -1.191710 0.097045
380 0.784256 -1.038253 0.275027
602 1.408579 0.865746 1.201809
1299 1.154310 0.677237 1.520765
1174 0.984859 -0.758616 0.021077
1429 0.809573 -1.064118 0.265730
568 0.756183 -1.185457 0.341665
1056 1.422309 0.922411 1.670003
1355 1.317713 0.794848 1.599113
461 1.269794 -0.209939 -0.151297
590 0.884020 -1.197377 0.086838
240 0.769810 -0.504589 0.428149
319 1.713860 0.140328 -0.481746
224 1.316303 -0.502604 -0.340122
1228 1.044477 0.483754 1.170513
839 1.381695 0.062486 -0.164171
1018 0.657662 -1.438785 0.508326
496 1.318969 -0.543595 -0.372500
554 1.224640 0.705949 1.459259
1031 1.474532 0.959209 1.655154
107 0.659560 -1.020806 0.491643
1390 0.390692 -1.207369 1.009354
264 1.350905 -0.073838 -0.214347
1219 0.871379 0.297421 1.044366
332 1.140641 0.614785 1.652930
1394 0.596116 -1.421704 0.615316
743 0.552530 -1.100638 0.671447
326 1.359815 0.840428 1.302693
1383 1.306800 0.802845 1.522815
853 1.665337 -0.180786 -0.577416
192 0.632760 -1.041568 0.541070
1302 0.217675 -1.590127 1.560388
1337 0.575108 -1.034619 0.623001
454 0.532402 -1.468835 0.721741
1011 0.946863 -0.977749 0.039363
1319 1.068155 -1.122282 -0.156365
668 0.761462 -0.967904 0.314941
712 1.104151 -1.131396 -0.200325
405 1.550794 0.076930 -0.374077
1497 1.403813 0.857543 1.733692
434 0.662182 -1.166919 0.484510
413 0.730994 -1.359182 0.354495
1001 1.211829 -0.928652 -0.342845
1029 0.948184 -1.132178 0.036901
1453 1.127018 -0.790914 -0.156557
220 0.714934 -0.291356 0.609425
161 1.091852 -0.452648 -0.050180
890 1.200360 0.680300 1.731697
1164 0.794092 -1.038280 0.264743
190 0.458728 -1.342989 0.850366
1370 1.185768 0.636493 1.172316
880 1.093861 0.606468 1.530989
694 0.855003 -0.765386 0.220801
1442 1.418724 0.914973 1.521617
1416 1.546493 0.958077 1.541725
982 1.345702 -0.028270 -0.176937
503 0.965825 -1.261025 -0.007318
619 0.933029 -0.678170 0.133256
840 0.736735 -0.825349 0.410566
983 1.438750 -0.054616 -0.301197
808 1.257166 0.710411 1.262074
1281 0.816916 -0.852149 0.298005
1249 0.418730 -1.554928 1.034751
430 1.304244 -0.126652 -0.175219
1312 0.993915 0.469478 1.516939
1484 0.485126 -0.984294 0.843750
811 1.458811 -0.254098 -0.411340
1441 1.452597 0.185855 -0.161777
1171 1.025964 -0.378955 0.076056
618 1.035401 -0.728619 -0.042297
87 1.052644 -0.890639 -0.118212
1115 0.310789 -1.500308 1.289665
1306 1.421870 0.179124 -0.130305
249 0.915393 -1.000406 0.063977
258 0.778078 -0.412273 0.409914
1300 0.732280 -1.012311 0.382086
1412 1.396499 -0.443527 -0.409855
174 1.387237 0.843527 1.558969
355 1.191604 0.690860 1.431904
701 0.686374 -1.325239 0.446620
278 0.994548 -0.888371 -0.034068
1124 0.670818 -1.106378 0.434116
485 1.013542 -0.753830 -0.033446
1218 1.392344 0.884007 1.610981
638 0.441140 -1.411070 0.917622
968 1.246012 -0.431538 -0.251162
795 0.791250 -0.959300 0.275953
403 1.625736 0.178232 -0.363742
313 1.271391 0.737854 1.816714
109 0.714495 -1.179843 0.349850
921 1.504746 0.542649 0.100014
1277 0.444151 -1.407853 0.918127
1518 0.903622 -1.157596 0.059725
688 0.710882 -0.943582 0.390472
1113 0.747007 -1.015730 0.325216
726 0.861765 -1.578292 0.102026
1032 0.394232 -1.538535 1.102139
210 0.774481 -0.559020 0.406589
1083 0.889883 -0.600863 0.190416
1247 1.569654 -0.135166 -0.451736
929 0.533264 -1.386341 0.721366
1357 0.459085 -1.636968 0.927985
1126 1.714945 0.317064 -0.385895
1250 1.652367 0.128023 -0.425876
725 0.840989 -0.995124 0.200860
1363 1.214467 0.654235 1.454275
510 0.913552 -0.703591 0.145637
88 0.492177 -1.225523 0.793076
1365 1.229658 0.685347 1.706222
306 1.374750 -0.298698 -0.342641
658 0.683135 -1.549333 0.484709
194 0.555022 -1.388652 0.699616
593 1.754546 0.305003 -0.441606
728 1.407439 -0.223172 -0.334230
270 0.449468 -1.199319 0.888289
67 0.557746 -1.345263 0.685679
489 0.747172 -1.461106 0.294517
328 1.371293 -0.359251 -0.328555
813 0.579679 -1.017242 0.628059
173 1.580792 1.016052 1.285824
1304 1.686547 0.033228 -0.524812
176 1.491093 0.092011 -0.241804
875 1.183132 -0.517281 -0.170553
125 0.949886 0.356844 1.187488
1231 0.745238 -1.041466 0.349946
928 1.410359 0.864658 1.552767
10 0.657604 -1.363764 0.476691
415 0.300494 -1.594071 1.343467
1474 0.614855 -0.914369 0.581407
1387 1.361062 0.810614 1.738901
771 0.256542 -1.822894 1.549011
209 1.338395 0.804367 1.470497
607 0.888235 -1.243677 0.071328
234 1.473499 0.910086 1.624480
951 0.495721 -1.481435 0.813811
1500 1.457684 0.936310 1.622311
1151 0.878209 -0.724022 0.200145
1092 0.432850 -1.481232 0.990591
670 0.876423 -0.396751 0.287523
824 0.420363 -1.598577 1.000901
739 0.998832 -0.725656 0.014920
1013 0.929163 -0.688092 0.114585
1450 0.763785 -1.370390 0.261966
1435 1.365694 0.868625 1.348317
614 0.357456 -1.434064 1.151658
705 0.715896 -1.137425 0.410111
854 1.408392 -0.222262 -0.355845
1301 1.514293 0.102303 -0.274235
975 0.851956 -0.963776 0.200874
987 1.435941 -0.199458 -0.360309
863 1.079847 -0.440478 -0.020448
1419 0.830229 -0.815125 0.248850
35 1.046836 0.409762 0.874819
127 0.622620 -1.238088 0.558761
120 1.506249 -0.170766 -0.387362
162 0.956722 -1.135514 0.008948
171 1.308335 0.745521 1.503860
218 1.498192 0.922479 1.530633
144 0.694512 -1.327152 0.442594
829 1.422412 0.300425 -0.077290
498 1.263874 -0.008962 -0.041004
1262 0.356909 -1.792054 1.236348
526 0.689321 -1.359558 0.419273
770 1.811274 0.242593 -0.510400
1482 1.529918 0.995312 1.394131
1069 0.437287 -1.398561 0.936301
534 1.107754 -0.757309 -0.232500
926 1.180665 -0.424673 -0.134156
529 1.011598 -1.136393 -0.046426
1082 0.787221 -0.952069 0.284935
1012 0.543553 -1.159101 0.719315
212 1.205504 -0.519596 -0.203422
696 1.187521 0.689196 1.617011
791 1.497945 -0.268429 -0.448744
22 0.853574 -0.713314 0.247851
616 0.910920 -1.324875 0.064968
869 0.755822 -0.840791 0.364849
860 1.137381 0.583901 1.481495
823 1.456765 0.911894 1.517749
923 1.756906 0.011735 -0.588085
500 0.850931 -0.646044 0.252907
910 1.555872 1.003240 1.167112
1041 0.778048 -1.110689 0.305400
124 1.459745 -0.075846 -0.337898
467 1.548321 0.967461 1.550574
1160 0.688341 -1.303872 0.472548
630 0.364148 -2.003809 3.814239
448 0.683580 -1.214889 0.418964
1204 0.976262 -1.288782 -0.022891
79 1.807093 -0.175978 -0.711101
449 1.229187 0.718728 1.675591
349 0.979751 -0.542598 0.068302
1185 0.238635 -1.574755 1.573193
666 1.524069 0.999346 1.663161
1333 1.526460 0.952704 1.762439
465 0.647045 -1.166436 0.480739
474 1.361873 0.166053 -0.025224
290 0.445600 -1.415896 0.918797
253 0.533057 -1.428855 0.712049
73 0.536911 -1.496131 0.759556
1379 1.232275 -0.496620 -0.256510
428 1.571913 0.979194 1.776776
1044 1.848489 0.096833 -0.632544
417 0.298845 -1.036035 1.358094
1246 0.790903 -1.037585 0.289118
793 0.625015 -1.287063 0.567320
1138 0.339056 -1.564043 1.237640
136 0.834418 -1.117798 0.216787
1125 1.219384 0.463211 0.452313
1476 1.393875 0.843632 1.723354
733 0.746303 -0.659205 0.416341
284 0.549595 -1.551609 0.771634
346 1.463839 0.211011 -0.159156
1192 0.530173 -1.451395 0.719861
389 1.320833 0.801301 1.517175
1452 1.629524 -0.137520 -0.514067
139 1.307662 0.053841 -0.121614
246 1.473068 0.936161 1.547297
597 0.914664 -0.909338 0.096121
1255 0.825564 -0.572000 0.284383
1194 1.515516 0.532459 0.039149
471 1.321810 0.778956 1.305323
363 0.784517 -0.617487 0.381431
600 1.101071 0.585630 1.515743
122 0.462921 -1.367512 0.871048
505 1.423078 -0.291747 -0.381452
1003 0.602375 -1.503479 0.616759
579 0.714472 -1.383979 0.394389
293 1.295102 0.796304 1.848903
1279 0.386221 -1.624326 1.156106
1514 1.377878 0.823408 1.344846
1252 0.663378 -1.389221 0.444772
1421 0.782909 -0.929157 0.330029
470 1.303442 0.763973 1.268567
457 0.802639 -1.658479 0.203315
830 0.914261 -0.973265 0.088660
1226 0.345310 -1.571768 1.199877
713 0.619382 -1.335697 0.554841
1414 1.303146 0.779747 1.682766
1373 0.676221 -1.009441 0.487011
775 1.338683 0.773407 1.282719
131 0.571820 -1.658695 0.702468
158 1.645382 1.076466 1.664452
388 1.543634 0.975358 1.387949
958 0.507637 -1.342684 0.818634
545 0.508840 -1.309664 0.801289
1097 1.624360 -0.002400 -0.440568
1400 1.084094 0.577570 1.518499
93 0.858631 -1.120862 0.145770
1178 0.656589 -1.172647 0.476778
1483 1.466347 0.227560 -0.165002
605 0.895368 -0.990168 0.123459
720 1.393491 0.015822 -0.181531
938 1.384800 0.886050 1.499276
113 0.840862 -1.018686 0.210840
1361 0.891601 -1.169083 0.129659
541 1.758972 0.275284 -0.437685
1282 0.757586 -1.434611 0.311451
427 1.417870 0.916373 1.563381
1176 0.274035 -1.230230 1.329316
170 1.042200 -1.507339 -0.141057
805 1.329695 0.771791 1.316864
484 1.180997 0.658773 1.322238
1366 1.296839 0.758751 1.398130
680 0.712385 -1.143708 0.378932
242 0.811119 -1.645575 0.173644
1214 1.399390 0.807943 1.567316
797 0.967929 -0.094058 0.322774
1358 1.154808 -0.551815 -0.178414
1027 1.210634 0.714601 1.516280
601 0.723257 -1.108508 0.364392
704 0.937044 -1.167142 0.078099
1303 1.323044 0.795876 1.480708
55 1.672011 0.072216 -0.489761
1019 0.399774 -1.274577 1.008072
519 1.271440 0.050901 -0.039905
1007 0.714317 -0.805977 0.432434
1423 0.512477 -1.360988 0.772212
1481 1.044443 -0.689927 -0.061978
419 0.923936 -1.054514 0.071723
357 0.769660 -1.098887 0.309656
280 1.415282 -0.149758 -0.316492
1109 1.205832 0.659368 1.571433
473 0.491022 -1.462691 0.822199
172 1.111502 -0.594300 -0.095587
651 1.292013 -0.803432 -0.530752
1347 0.637890 -1.507656 0.542950
1142 1.208304 0.675396 1.210184
783 0.628191 -1.288611 0.549494
1015 0.509867 -1.383242 0.771459
836 1.557811 0.150262 -0.339723
773 1.483570 0.144963 -0.244663
279 1.164160 0.395543 0.520360
789 0.276741 -1.694386 1.380566
1406 1.495052 -0.087989 -0.399270
153 0.686266 -1.005483 0.450061
1275 1.481863 -0.171494 -0.399309
736 0.738374 -1.684606 0.355100
566 1.147578 -0.277418 -0.062906
1344 1.061872 -0.697815 -0.061394
575 1.359010 0.832449 1.684215
1364 0.354240 -1.449595 1.202117
315 1.537294 1.003068 1.528794
1451 0.855154 -0.508362 0.270890
988 0.920277 -1.201045 0.031270
59 1.426503 0.881325 1.497084
1459 1.393854 0.887714 1.537559
1167 1.118826 0.069390 0.128172
89 0.230353 -1.708611 1.537881
114 1.284724 -0.576622 -0.323876
132 0.557212 -1.130451 0.750009
848 1.396533 0.669422 0.483334
381 0.749414 -1.271107 0.331656
232 1.451111 0.868480 1.596624
1263 0.491933 -1.496507 0.863849
1183 0.441186 -1.570837 0.951352
1501 0.593436 -1.314110 0.609499
967 0.801185 -1.182235 0.246540
397 0.778764 -1.232803 0.287331
695 1.567644 -0.307195 -0.539589
311 0.468692 -1.851807 4.216388
221 1.444069 0.925174 1.506345
1457 0.902373 -1.183015 0.140077
4 0.489937 -1.406821 0.802077
143 0.814954 -1.069395 0.225984
673 1.423561 0.820142 1.098523
806 0.481974 -1.839516 4.252649
1040 1.297317 -0.530795 -0.321322
1257 1.398459 0.835656 1.583149
1283 1.435722 0.930466 1.417219
1099 1.006317 0.519469 1.318728
523 0.755402 -1.244052 0.271965
442 1.676104 -0.339831 -0.639584
1206 0.542711 -1.765355 4.295815
569 0.472730 -1.627698 0.982654
230 0.760858 -1.062339 0.334373
718 1.014386 0.306706 0.722733
731 1.684855 0.134911 -0.420306
847 0.262424 -1.632730 1.518323
1340 1.291953 0.357773 0.240594
948 0.876171 -1.248618 0.144185
69 1.428939 -0.149310 -0.315103
1343 0.843069 0.324379 1.523144
187 1.229358 -0.370008 -0.182870
47 1.243507 -0.962663 -0.452792
1232 1.110459 -0.516515 -0.091813
1028 1.084390 0.551630 1.483321
885 1.370529 0.846006 1.548843
1334 0.772777 -1.008886 0.312571
373 1.023189 -0.964722 -0.041468
466 1.341616 0.621208 0.468250
233 0.853264 -0.610644 0.204280
441 0.959681 -0.705395 0.049997
1440 1.480678 0.903809 1.309083
1240 0.712773 -1.553675 0.341027
974 1.463401 -0.154871 -0.369337
1326 0.609923 -0.216969 0.978087
302 0.708658 -1.228432 0.408149
1330 0.654324 -1.350411 0.475981
1378 1.469658 0.887843 1.497832
1511 0.572576 -0.810896 0.653114
1342 1.432249 0.892483 1.251846
297 1.447042 0.934697 1.797286
589 1.362197 0.870688 1.589502
1030 0.777626 -0.777319 0.322205
1407 1.447808 0.914417 1.829746
387 1.293216 0.739094 0.973536
533 1.145352 0.159338 0.213316
686 0.390830 -1.388141 0.995016
1193 1.443058 0.910207 1.717519
1221 1.007294 -0.469005 0.072336
1437 0.800652 -1.613460 0.291708
1409 0.507795 -1.700297 0.830072
730 1.082658 -0.642402 -0.064273
1508 0.722217 -0.162292 0.736416
1288 1.261569 0.750742 1.738660
436 0.757560 -1.382221 0.320723
852 0.996429 -1.152917 -0.098926
481 0.578965 -0.289441 0.950700
941 1.768681 -0.036033 -0.666454
350 0.945241 -1.061035 0.043721
606 1.413613 -0.262796 -0.342216
1434 0.368197 -1.679030 1.122033
756 1.380296 0.855213 1.622679
13 0.447169 -1.496650 0.927771
584 1.545411 0.992969 1.045951
1173 0.752374 -1.241560 0.334875
540 1.435095 0.923602 1.654841
1139 0.561480 -0.383507 0.940741
767 1.139700 0.576926 1.428685
943 0.617306 -1.115222 0.560175
1367 0.781031 -0.653403 0.341786
827 1.334062 0.779886 1.863465
562 1.295184 0.044408 -0.068172
960 1.128964 -0.090953 0.099682
383 1.375527 0.835401 1.160891
1153 0.887254 -1.259011 0.105957
1049 0.825191 0.277355 1.326332
214 0.920960 -0.544749 0.155860
674 1.024797 -0.789982 -0.027461
26 1.495414 -0.218798 -0.698245
752 1.493896 0.954174 1.502135
1444 0.384224 -1.593275 1.115396
947 1.088394 -1.141057 -0.189850
208 0.990109 -0.532819 0.085395
1309 1.328104 -0.259979 -0.263211
807 1.381842 0.874997 1.641544
6 0.666232 -1.387426 0.494153
321 0.489160 -1.445543 0.821809
99 1.500134 0.927507 1.589154
420 1.339819 0.893743 1.947906
1081 0.498338 -1.839647 0.952358
1372 0.655951 -1.151322 0.466996
1043 0.520144 -1.447116 0.765824
260 1.277471 0.753195 1.258643
1229 1.144449 -0.175872 0.004320
384 1.138503 0.624154 1.409274
432 0.336765 -1.545554 1.318643
1238 1.422612 0.814361 1.682537
1038 1.703158 0.301882 -0.384497
76 1.522561 1.009376 1.517773
677 1.329221 -0.591298 -0.371681
1198 0.739753 -1.103340 0.356688
156 1.304017 -0.463845 -0.331667
1498 1.196295 -0.995441 -0.440155
1465 1.051535 -0.625655 -0.067099
856 0.681316 -1.043955 0.485475
574 1.318972 0.788582 1.691981
469 1.315637 0.784550 1.719217
393 1.410035 -0.295293 -0.377949
672 0.527782 -1.403824 0.748902
1004 0.419867 -1.489815 1.052957
1147 1.283893 0.785297 1.624684
1088 1.145135 0.661147 1.445567
931 1.358858 0.820577 1.749893
256 0.819667 -0.856438 0.259793
979 0.298116 -1.676865 1.396119
27 0.453355 -1.547733 0.918736
316 0.850127 -1.200743 0.189724
1269 1.376265 0.881840 1.691166
961 0.420369 -1.647713 1.069639
1322 1.347321 0.831515 1.331896
426 1.100512 0.529738 1.081658
920 1.445692 0.847302 1.646605
1310 0.499128 -1.647799 0.776085
1227 0.687845 -1.010171 0.482557
1022 1.016709 -0.988066 -0.054638
565 0.684208 0.150092 1.483409
1244 0.724969 -0.926292 0.429781
342 0.830776 -0.891013 0.274548
116 0.981388 -0.917657 0.027968
222 0.713670 -1.377966 0.388396
379 0.978169 -1.013969 -0.028999
838 1.231176 0.784896 1.625209
309 0.665501 -1.058533 0.489819
751 0.656600 -1.426322 0.489274
706 0.630290 -1.529433 0.528568
1314 0.622285 -1.217001 0.560152
1369 0.601689 -1.201552 0.607709
374 1.131219 -0.505232 -0.118907
1140 1.090362 -0.694015 -0.121793
801 0.814163 -0.853398 0.277870
57 1.399311 0.851205 1.600920
999 1.217360 0.539513 0.753407
1169 1.640708 0.124262 -0.409997
1318 1.166071 -0.815731 -0.211017
642 0.678104 -1.546738 0.503449
536 1.607550 -0.005792 -0.497244
1128 0.591278 -0.389215 0.841577
16 0.931752 -1.630562 -0.049391
1285 1.388518 0.831430 1.691379
1233 0.840389 -1.287852 0.239744
207 0.469945 -1.310656 0.806766
973 1.083551 0.530447 1.265815
1047 0.770284 -1.334676 0.256753
697 1.431626 0.073235 -0.354656
535 1.311908 0.367165 0.121547
7 1.087877 -0.488535 -0.027598
166 0.702548 -1.029348 0.439292
922 2.010569 0.083195 -0.791344
721 1.455581 0.904615 1.357325
336 1.760165 0.324571 -0.406951
1089 1.376118 0.880739 1.614484
989 1.431474 0.849029 1.755481
962 0.435312 -1.371988 0.824496
513 0.858401 0.081626 0.649026
834 0.822968 -1.380568 0.238120
1201 1.371727 0.841893 1.463423
501 0.980726 -0.980451 -0.057267
186 1.454663 -0.313140 -0.474358
334 0.437645 -1.643119 0.950553
1239 0.744104 -0.934583 0.380082
1127 0.378170 -1.397255 3.077629
1039 0.860715 -1.091774 0.152176
241 0.544523 -1.520389 0.624758
1454 1.418362 0.985068 1.693482
1427 0.078711 -1.126428 1.740403
364 1.356222 -0.242218 -0.279075
996 1.175097 0.739724 1.732717
1134 0.573397 -1.182325 0.669865
1445 0.797148 -1.422655 0.230384
61 1.499689 0.927716 1.468389
1384 0.829309 -1.551579 0.139222
1517 0.721465 -1.470906 0.276057
245 0.817970 -1.268260 0.182661
684 1.395145 0.910547 1.551242
1354 0.538001 -1.211736 0.718186
289 0.444143 -1.552308 0.960868
348 0.775816 -0.720463 0.403410
101 1.391723 -0.488941 -0.410122
841 1.389646 0.868395 1.562064
1325 0.406529 -1.653286 1.026086
147 1.262113 -0.282768 -0.509544
213 0.955112 0.162706 0.509056
451 1.268030 0.654061 0.797118
273 1.029932 -0.603418 0.020389
1024 0.847716 -0.950822 0.209327
1026 0.789135 -1.145442 0.209688
1060 0.880611 -0.982039 0.171361
1203 0.600720 -1.076297 0.567005
1292 1.350258 -0.119836 -0.513966
884 0.721878 -0.930695 0.438324
1266 0.887599 -0.472734 0.300374
1438 0.932808 -0.990705 0.099958
640 1.240336 -0.304980 -0.181695
291 0.656018 -1.114823 0.430164
365 0.077575 -1.055039 1.692793
1110 0.705998 -0.777153 0.434444
182 0.726041 -1.059225 0.385673
895 0.450442 -1.410188 0.898727
1352 1.210713 0.113953 0.135521
977 1.175757 0.664019 1.334646
1411 0.698702 -1.172213 0.480118
1251 0.831219 -1.095043 0.258334
954 0.459698 -1.306778 0.917205
1356 0.940571 -0.668166 0.103147
914 0.594906 -1.202936 0.531411
352 0.771580 -1.063175 0.270698
1507 1.321725 0.858741 1.409116
382 1.157813 -0.162167 0.006774
1488 1.469730 0.046766 -0.227310
480 1.344282 -0.449243 -0.334998
1009 0.729062 -0.954333 0.393952
870 0.558679 -1.379747 0.738436
294 0.611240 -1.183389 0.667355
46 0.861752 -0.643056 0.149768
620 0.644009 -1.158635 0.538550
268 0.541415 -1.410515 0.731403
776 0.993519 0.346360 0.879600
404 1.011312 0.618749 1.394849
1211 0.517722 -1.264348 0.765226
1491 1.312397 -0.017784 -0.079631
710 0.808597 -0.949623 0.332681
817 0.441545 -1.454670 0.995219
1035 0.822476 -0.994009 0.302142
1403 0.786534 -1.084162 0.263203
837 1.118481 -0.527838 -0.293073
747 1.277131 0.023626 0.011921
980 0.856299 -0.868058 0.203325
295 1.092082 -0.720546 -0.032436
1034 1.066001 -0.596578 0.023753
858 0.733244 -1.163462 0.391126
955 0.746737 -0.563592 0.511283
1220 0.515677 -1.004217 0.777574
643 0.828226 -0.910288 0.298894
1371 1.196281 0.669119 1.174655
137 0.644948 -1.037394 0.505439
986 1.295801 -0.126078 -0.155223
556 0.753853 -0.665160 0.361683
800 0.896749 -0.266941 0.386914
671 0.582421 -0.952657 0.672650
570 0.998242 -0.219807 0.286561
262 0.607381 -1.038462 0.556030
431 1.047390 0.602262 1.100261
631 0.769107 -0.775495 0.441879
760 0.770940 -0.839595 0.337837
1338 0.906274 0.410178 1.250913
287 1.179955 0.624066 1.402960
1351 0.876524 -0.536163 0.251573
655 0.550666 -1.214915 0.705206
624 1.033412 0.542307 1.222458
248 0.654461 -0.710025 0.566875
1234 0.789898 -0.712005 0.356809
598 1.053487 -0.399404 0.057290
34 1.029636 0.466077 1.293013
774 0.974834 -0.332255 0.216004
653 1.077376 0.571874 1.036561
913 1.080192 -0.332304 0.065668
1114 0.840913 -0.520886 0.403403
