1659 3
112 -0.207596 0.397256 1.044493
1453 -0.194226 0.401797 1.037022
396 0.004752 0.225825 1.022128
1617 -0.208619 0.184654 1.045773
1530 -0.483052 0.128526 1.135341
516 -0.159627 0.389139 1.032331
1470 -0.471316 -0.138967 1.165620
803 0.172253 0.208882 1.000349
1318 0.451884 0.366422 0.940314
525 -0.062901 0.327090 1.018888
839 -0.030467 0.374155 1.018738
481 0.020482 -0.231617 1.079105
244 0.039166 0.372756 0.998676
1330 0.325841 0.149827 0.984080
880 0.365965 0.176026 0.978223
154 -0.341246 0.563277 1.065847
737 -0.229633 0.172103 1.068131
774 -0.086343 0.305885 1.036766
1623 0.437018 0.441120 0.896605
206 -0.442725 -0.370878 1.211522
1365 -0.526926 0.540954 1.108576
767 -1.001263 -0.040842 1.302618
810 0.182821 0.246779 0.984328
183 -0.125538 0.283769 1.036668
693 -0.058708 0.366063 1.017965
606 0.447518 0.193522 0.956246
470 -0.469356 0.260756 1.107246
1083 -0.043891 0.825828 0.977795
1018 -0.231424 0.745076 1.039263
1288 0.359939 0.098915 0.990994
141 -0.006738 0.399392 1.014430
970 -0.141561 0.073349 1.063150
834 0.032184 -0.041884 1.051695
1640 0.162739 0.504235 0.971065
1524 0.535122 0.418622 0.948426
331 -0.251141 0.176955 1.067858
1107 -0.488450 0.124505 1.140176
801 0.091035 0.464332 0.971413
1619 -0.372213 0.556150 1.072851
72 0.168238 1.043987 0.949961
277 -0.534549 0.045804 1.153539
901 -0.008016 0.206515 1.034784
1469 -0.269876 0.163075 1.080088
807 0.449652 0.331773 0.958402
173 0.262187 0.243077 0.981337
227 -0.210244 0.077146 1.077245
1213 0.454345 0.240534 0.962262
581 -0.114454 0.336961 1.043621
1654 -0.436802 0.430414 1.093862
1486 0.097456 -0.024904 1.038713
1368 -0.020357 0.573432 1.005635
501 -0.177717 0.373037 1.047452
99 -0.264295 -0.271248 1.150928
808 -0.214662 -0.074707 1.101764
863 -0.294801 0.388320 1.059533
1359 0.088919 0.408266 0.993877
680 0.156737 0.086292 1.011746
881 0.472575 0.181448 0.973644
1505 0.704265 -0.011125 0.976727
628 0.095110 0.453900 0.982292
645 -0.505177 0.407724 1.114680
793 0.388457 0.166236 0.984889
993 0.562112 0.341493 0.944120
687 0.284448 0.434305 0.965922
83 -0.494395 0.408423 1.108089
1373 -0.620212 0.602605 1.131005
1223 -0.265159 0.046142 1.099983
776 -0.616339 -0.058023 1.196298
850 0.087206 0.242570 1.002658
97 -0.169726 0.559642 1.037157
262 -0.412015 0.045258 1.119930
869 -0.350006 0.703510 1.065235
379 -0.498018 0.637781 1.105009
1541 -0.093017 0.299767 1.022882
701 -0.467541 0.385279 1.108078
488 0.300836 0.231441 0.986718
1105 -0.178610 -0.117008 1.086047
40 0.365936 0.250655 0.975621
955 0.072775 0.071114 1.021148
983 0.513302 0.561104 0.906848
1387 -0.375010 0.734364 1.063201
1155 -0.118848 -0.325531 1.128089
1218 -0.186296 1.415414 1.038502
1443 0.570973 0.370406 0.932225
1389 0.546907 0.584943 0.933698
495 -0.573316 0.128067 1.160093
1451 -0.352013 0.316578 1.090314
313 -0.463808 -0.160367 1.181306
1124 0.155530 0.460916 0.983348
366 -0.158942 0.233847 1.050089
235 0.304561 -0.034460 1.008457
1525 0.319896 0.265238 0.978902
498 0.243663 0.378279 0.948444
1370 -0.192375 0.506094 1.039231
298 -0.165922 0.212442 1.067825
1614 -0.639888 0.407181 1.145360
962 0.344843 0.319599 0.969972
1446 0.236739 -0.080825 1.042528
997 -0.654102 -0.223055 1.242118
699 0.071533 -0.196196 1.080438
772 -0.074374 0.356104 1.030455
957 -0.642515 0.132104 1.166367
1149 0.446434 0.274208 0.925745
1551 -0.229121 0.246388 1.062997
1011 0.031444 -0.405372 1.114613
247 -0.472622 0.616843 1.100841
1606 0.377539 -0.011050 1.012707
1325 0.138255 0.365199 0.991535
410 -0.548272 0.534788 1.116894
995 -0.702450 0.089319 1.201271
500 0.112551 -0.126435 1.043397
1134 -0.070803 0.088730 1.060085
861 -0.719737 0.193413 1.180629
152 0.459243 0.443844 0.962093
1266 -0.305975 0.518321 1.055973
717 -0.444626 0.640481 1.073377
892 -0.362814 0.363946 1.084282
1003 -0.704319 0.392738 1.162553
583 0.386793 0.311012 0.973021
984 0.586723 0.312767 0.948217
858 0.413333 0.218985 0.968325
1263 -0.368240 -0.003335 1.132931
1064 -0.588055 0.154904 1.159871
133 -0.418264 -0.291481 1.162998
1130 0.650084 0.960540 0.884693
1561 0.459379 0.315494 0.958008
211 0.270172 0.284558 0.976450
343 -0.640475 0.164681 1.176801
1187 -0.316421 0.054541 1.117200
549 -0.178298 -0.340758 1.134615
323 -0.068823 0.439319 1.021440
441 1.066967 0.656571 0.887249
339 0.138279 0.610572 0.972810
873 -0.194349 0.353960 1.054604
908 -0.182744 0.282466 1.057247
1126 -0.442235 0.871105 1.068711
370 -0.387096 -0.324475 1.191388
187 0.291740 0.298736 0.982340
887 -0.216395 0.308615 1.052114
778 -0.687746 -0.321791 1.256491
1542 -0.338636 0.653211 1.057293
610 -0.874958 0.272729 1.233859
768 -0.720968 0.117962 1.200727
1457 -0.765072 -0.014295 1.226465
1211 0.489379 0.308256 0.972697
1055 0.675389 0.451954 0.941630
1659 0.684474 0.530942 0.938932
745 -0.213896 0.091982 1.074832
1586 -0.506940 0.060761 1.160863
1305 0.033717 0.599762 0.987417
865 -0.595048 0.013318 1.182662
1382 0.158777 0.407803 0.981148
1337 -0.108394 0.181635 1.048090
1579 0.175243 0.803218 0.954627
1144 0.006755 0.376251 1.005872
975 -0.017979 0.011266 1.045998
1104 -0.393205 -0.060418 1.130563
1093 -0.654977 -0.401367 1.278761
67 -0.510032 0.389903 1.113450
1491 0.149119 0.552627 0.979630
96 -0.491854 0.088696 1.148525
542 0.101855 0.356821 0.999240
1587 -0.405739 -0.190615 1.151484
1538 -0.092924 0.386082 1.015542
756 0.531508 0.396185 0.948021
483 0.483710 0.018899 0.983250
1367 0.162219 0.389649 0.986996
1 -0.298048 0.727381 1.041106
251 -0.621745 0.000960 1.190257
1353 -0.363044 0.643851 1.073122
1085 -0.579255 0.912091 1.113512
444 -0.065699 0.669698 0.991370
1199 -0.250470 0.064586 1.081195
1473 -0.220650 0.396763 1.033369
595 -0.307738 0.199989 1.097667
1054 -0.059611 -0.182759 1.104019
350 -0.380401 -0.021196 1.124074
1369 0.728874 0.444935 0.933513
1129 -0.481718 0.079137 1.143088
1544 0.520357 0.429558 0.942776
1202 0.636121 0.410963 0.935758
1578 0.459852 0.414192 0.966903
1600 0.478191 0.457586 0.959242
463 0.072338 -0.001131 1.052042
1384 -0.166952 -0.004284 1.082173
672 0.718535 0.651342 0.918947
1306 0.352702 1.207441 0.944543
1140 -0.195697 0.065357 1.086586
1550 -0.818139 -0.067269 1.244810
453 -0.598865 0.205676 1.150075
320 0.067157 -0.171299 1.077791
939 0.425501 0.108531 0.988365
1430 -0.622198 0.213404 1.165735
1643 -0.298494 -0.390506 1.187850
650 -0.291266 0.353288 1.068325
156 -0.341784 0.838507 1.065194
952 -0.750780 0.621609 1.167737
485 -0.267857 -0.061932 1.106916
216 0.455903 0.355032 0.959890
878 0.735590 0.734185 0.915667
114 0.739033 0.755986 0.904762
1454 -0.377004 0.490479 1.088037
62 -0.652272 0.218071 1.165490
202 0.478937 0.344692 0.958501
540 -0.349472 0.730106 1.063263
802 0.694453 0.169004 0.969427
754 1.056748 0.816881 0.888995
50 0.375369 0.392193 0.930901
1189 0.484109 0.848270 0.898440
1558 0.053928 0.537582 0.974840
966 -0.099901 -0.148836 1.088218
1411 -0.296483 -0.602022 1.230778
477 0.373455 0.202369 0.992796
417 0.380074 0.301874 0.974898
2 0.395871 0.026883 1.009131
569 -0.480763 0.036689 1.142940
475 -0.007859 0.349856 1.008461
710 -0.355942 0.358322 1.081162
103 -0.392789 0.003618 1.131774
1112 -0.465027 0.393574 1.116388
927 -0.501996 0.613262 1.097887
1625 0.558834 0.219361 0.974209
359 0.601762 0.262031 0.959062
254 -0.447665 0.705279 1.077541
1322 0.805062 0.555967 0.914155
1492 -0.398741 -0.116691 1.155581
832 0.360207 0.380243 0.967358
758 -0.373895 0.405500 1.084076
1080 0.044387 0.484025 0.998983
653 -0.294101 0.012830 1.113318
974 0.188428 0.482707 0.961517
1241 0.435093 0.336229 0.966846
318 0.460494 0.540858 0.937021
15 -0.145604 0.283601 1.035411
929 -0.438316 0.725170 1.077277
26 0.268256 -0.133331 1.028693
1084 -0.193048 0.695722 1.021777
811 0.257947 0.458768 0.978284
80 -0.022481 0.764592 0.991689
578 -0.270943 0.586981 1.048040
629 0.350103 0.439636 0.959821
345 -0.059429 -0.252788 1.108066
735 -0.536756 -0.681885 1.294505
1344 -0.265480 0.424071 1.051564
1420 0.390992 -0.010922 1.005143
1450 0.450168 0.325503 0.953844
79 0.154767 0.787795 0.972228
1438 0.663171 0.595754 0.930903
348 -0.467312 0.833949 1.092618
436 -0.004685 -0.379660 1.121461
422 -0.268970 1.016675 1.034481
1079 -0.317568 -0.021671 1.113043
711 -0.511722 0.216603 1.129076
1435 0.654818 1.020560 0.910014
502 -0.542340 0.088622 1.161061
601 0.641310 0.507512 0.938040
6 0.124118 0.928473 0.969830
1520 1.109872 0.558448 0.903017
123 -0.555939 0.613814 1.110031
285 -0.549369 -0.094376 1.186881
1419 -0.097048 0.310025 1.028335
293 -0.402855 0.369988 1.103982
842 -0.363772 0.834416 1.055147
29 -0.455634 0.796538 1.095551
149 -0.784073 0.016208 1.236712
267 0.311655 0.142923 1.006153
563 -0.124180 0.415484 1.030346
278 0.070450 -0.237333 1.086095
392 -0.517189 0.440090 1.097235
1293 -0.200361 0.911547 1.026045
81 -0.749153 0.683510 1.169238
648 -0.526302 -0.242187 1.207779
1386 0.270075 -0.171233 1.031231
1639 -0.552796 0.750782 1.106845
840 -0.468988 -0.126451 1.164121
161 -0.269412 0.984152 1.043461
222 -0.189854 -0.503924 1.191253
402 -0.026709 -0.331824 1.140430
387 -0.934063 -0.191284 1.301626
862 -0.423775 0.658617 1.087736
638 0.007233 0.397864 1.011219
787 -0.451233 -0.775847 1.297263
193 0.059588 -0.209097 1.078960
506 0.065453 -0.172665 1.073455
630 0.439736 0.317364 0.934493
530 -0.695451 0.012753 1.208903
260 -0.593829 -0.086664 1.200656
73 0.278391 1.114950 0.950211
340 -0.322450 -0.138369 1.138706
806 0.280972 0.484551 0.959875
1590 -0.195247 0.230294 1.063938
813 0.050758 0.426850 0.990734
1588 -0.270418 0.390743 1.057805
977 -0.778130 -0.213061 1.271903
1532 -0.072868 0.214342 1.030886
1150 -0.150162 0.312755 1.035896
994 0.743178 0.347999 0.929716
223 -0.630342 0.871323 1.117461
1210 -0.849838 0.039059 1.253826
85 -0.004764 0.605470 0.986916
1297 -0.144909 0.261487 1.044093
1624 1.033265 0.748483 0.909363
856 -0.692630 0.073324 1.180544
926 0.021940 -0.194554 1.086958
1436 -0.717143 -0.244207 1.252343
539 0.183048 0.526562 0.959158
554 -0.474156 0.318583 1.113143
314 -0.283234 0.311441 1.067024
1485 0.423425 0.201703 0.974635
504 0.390519 0.484516 0.961534
979 0.372760 0.762028 0.939483
918 0.385375 0.429471 0.961658
92 -0.448364 0.302596 1.116043
1573 -0.774092 -0.047376 1.228628
361 -0.289642 0.673064 1.046413
597 0.078743 0.796472 0.971096
330 1.342149 -0.785603 1.285917
733 0.263985 0.390354 0.966484
1224 -0.271374 0.670550 1.040820
1605 -0.852296 0.290300 1.222875
1495 0.146816 1.570834 0.999974
1633 -0.563241 0.094816 1.166180
1000 -0.363038 0.604283 1.062036
889 -0.794628 0.091998 1.226137
327 -0.273390 0.439814 1.066298
720 0.170911 0.296060 1.005334
909 0.467709 0.643230 0.942666
1102 -0.299981 0.891439 1.052290
3 -0.266079 0.120241 1.078728
1086 -0.434851 0.470576 1.097948
261 -0.634493 0.048847 1.196748
53 -0.270778 0.747708 1.040620
607 -0.353333 0.714937 1.056513
1372 -0.378000 -0.023356 1.135312
1115 0.894037 0.813425 0.923652
455 -0.129399 0.030597 1.068803
1468 0.847467 0.269865 0.946586
1167 -0.124482 1.329399 1.029979
1362 -0.330179 -0.465529 1.209847
1048 0.268419 0.640513 0.961403
107 -0.741007 -0.053714 1.237345
1070 -0.540636 -0.338814 1.238245
1076 0.633365 0.350675 0.947270
533 0.840038 0.762486 0.917544
117 0.907608 0.430593 0.929197
1493 0.942145 0.340659 0.922364
270 -0.734377 -0.382989 1.293113
414 0.230167 0.195355 1.000372
685 -0.410844 0.405242 1.093557
1073 -0.130321 0.401598 1.037613
947 0.416798 0.099741 0.991951
427 0.561407 0.524257 0.940926
961 -0.051544 0.002629 1.055164
1289 0.434140 0.467691 0.958440
1433 -0.047530 -0.304134 1.097751
1220 0.026653 -0.154985 1.069082
403 0.511444 0.363837 0.953805
195 -0.290878 0.109790 1.075960
18 -0.442000 1.268690 1.085456
1490 0.762307 1.170328 0.905364
176 -0.045903 0.414260 1.015027
1315 -0.439691 -0.035840 1.149634
600 0.820719 0.861824 0.915680
308 0.447887 0.217525 0.970668
465 0.787988 0.450480 0.919842
759 0.885313 0.579979 0.926528
372 0.973930 0.525330 0.902063
284 -0.073433 0.368992 1.018945
1627 -0.313479 1.313464 1.045935
429 -0.621210 0.062398 1.178456
1498 0.856722 1.004270 0.901645
100 -0.550302 0.166004 1.151518
1464 -0.318971 0.124379 1.107051
342 -0.554875 0.580961 1.112438
749 0.939430 0.760465 0.905118
91 -0.245921 0.549244 1.034829
1650 0.356181 0.400154 0.969653
788 -0.154208 0.856658 1.020633
349 -0.472106 -0.178244 1.179229
1108 0.356729 -0.007616 1.017196
1543 -0.335551 0.519105 1.062389
286 -0.063000 0.145735 1.050419
513 -0.563346 -0.115617 1.195552
959 -0.314720 -0.605431 1.235912
1198 -0.199129 0.663962 1.024094
817 -0.403125 0.519283 1.078565
1022 -0.153299 1.094244 1.012147
43 0.125721 -0.260273 1.083523
1327 -0.056501 0.653594 1.010093
457 -0.710153 0.226913 1.186633
1295 0.605094 0.336931 0.941410
643 0.596357 0.327618 0.953306
482 -0.442253 0.263035 1.108410
905 0.912958 1.120251 0.909931
551 0.312114 0.013656 0.996048
381 0.113752 0.009310 1.042366
791 -0.099628 0.233091 1.037398
1601 -0.888815 0.834702 1.196187
935 -0.049384 0.579180 1.013063
75 0.224094 0.149093 1.005090
844 -0.046001 0.005067 1.058360
752 -0.396287 -0.209683 1.180786
116 -0.034562 1.139301 1.009799
282 -0.385424 -0.433780 1.213523
1583 -0.292434 0.854302 1.041675
496 -0.722308 -0.214646 1.248254
642 0.240822 0.147338 1.004585
508 0.408706 0.176941 0.972871
334 -0.099096 -0.556684 1.178123
1571 0.091303 -0.386510 1.116272
538 0.016592 0.966097 0.987804
1253 -0.078666 -0.686303 1.228817
353 0.076115 0.428893 1.002895
32 0.115637 0.261469 1.003815
1531 0.122733 0.488777 0.993557
740 0.038667 -0.373486 1.130431
622 -0.610871 0.348376 1.153029
599 0.004569 0.417550 1.012061
726 -0.422239 1.018813 1.087395
1499 -0.160727 0.224730 1.053220
1071 0.534886 0.175087 0.971854
536 0.217647 -0.108181 1.038840
1412 -0.502299 -0.057529 1.172905
38 -0.742727 0.327260 1.182971
1407 0.992776 1.031742 0.890726
297 -0.213887 0.386839 1.055002
1239 -0.365519 0.463352 1.086315
1535 0.524507 0.290981 0.971807
12 0.915440 1.241662 0.911708
228 -0.234889 0.491371 1.056977
602 0.141266 0.724045 0.971913
127 -0.466217 1.061555 1.088066
792 0.038024 0.946926 0.981134
1615 0.162092 -0.503360 1.135666
922 -0.745284 0.599344 1.173887
937 0.883645 1.125710 0.892357
1534 -1.070851 0.221075 1.300169
1539 0.432798 0.524968 0.946823
1567 0.241528 -0.062120 1.030455
469 -0.642889 0.033957 1.193911
1393 0.222952 -0.158853 1.060519
991 -0.360840 0.621628 1.060391
1376 -0.808833 0.046602 1.219314
430 -0.650479 0.909909 1.140613
1576 -0.235139 0.262403 1.068234
65 0.107809 0.701755 0.975860
197 0.182844 0.727084 0.966617
1361 0.332566 0.119327 0.996621
1053 -0.684051 0.796711 1.154051
613 -0.660811 -0.336212 1.246513
965 -0.174983 0.725218 1.022542
611 0.389981 0.586885 0.943334
405 -0.151583 1.220172 1.017857
218 1.474055 -1.238600 1.617099
1646 -0.566622 -0.216146 1.222111
1500 0.390343 0.368666 0.956483
1644 0.189218 0.176141 1.009914
668 -0.337444 0.149655 1.082803
1514 0.528580 0.576390 0.944020
1259 -0.230420 0.974684 1.048561
1584 -0.224013 0.779115 1.030113
1574 -0.733348 0.316142 1.186811
715 -0.339231 0.411548 1.074705
843 -0.358811 0.484702 1.075351
913 -0.443809 -0.503345 1.246781
1316 -0.003851 0.956754 0.987841
704 0.057358 0.290984 1.014809
1268 1.409895 -0.583423 1.232132
698 -0.259562 0.392409 1.064816
1179 -0.195887 -0.552834 1.203852
163 0.514855 0.503004 0.945361
459 -0.418035 0.342072 1.086110
1585 -0.814740 0.344285 1.194034
755 -0.172068 0.311710 1.058485
200 -0.378087 1.020910 1.083096
647 -0.555126 -0.114292 1.183082
1335 -0.594981 0.801212 1.120798
1462 -0.519281 -0.367826 1.231591
220 -0.103589 0.234643 1.036881
986 0.255582 0.302416 0.992600
1132 0.363218 0.124780 0.996134
1575 0.380093 0.616118 0.939325
1461 0.019939 0.476039 1.006212
1043 -0.677533 0.166181 1.188874
524 -0.284052 0.297589 1.070162
1396 -0.391391 0.307619 1.109428
1537 -0.549726 -0.122493 1.194373
1066 0.588696 0.641240 0.935267
658 0.313316 1.344467 0.965117
924 0.007655 -0.301980 1.101363
1010 -0.330949 0.486876 1.040683
1477 -0.642930 0.075125 1.173879
347 -0.144374 -0.897035 1.314530
1338 0.327242 0.125524 0.986357
1148 0.136810 -0.177286 1.077055
691 -0.512678 0.536219 1.110010
667 -0.273404 0.621788 1.059886
1216 -0.151398 -0.270209 1.114253
781 0.466151 0.314877 0.958694
512 0.318125 0.117815 0.995706
866 -0.264732 0.343364 1.065623
1565 -0.381845 0.761871 1.070660
1604 -0.610016 -0.275696 1.234744
1610 0.092491 -0.004368 1.013922
487 0.228863 0.086854 1.006377
1547 0.234874 1.654378 0.984321
743 0.241737 -0.248320 1.076979
1182 0.468756 0.405733 0.954604
1276 0.175610 0.269148 0.994577
474 -0.501750 0.996647 1.087537
998 0.511591 0.418809 0.937461
928 0.265440 0.602343 0.967132
131 0.379496 0.595160 0.949376
1456 0.174243 1.134503 0.952887
373 -0.152563 -0.548759 1.201841
632 0.635221 0.492310 0.934673
98 -0.034466 0.480688 0.997884
1001 0.084646 -0.052724 1.058048
573 0.028458 0.553215 0.996884
225 0.324630 0.077750 1.012743
588 -0.064215 -0.197166 1.114958
796 -0.746933 0.749635 1.153511
757 -0.933353 -0.198772 1.338164
188 -0.573233 1.046585 1.126257
884 0.363694 0.350852 0.974717
14 0.474735 1.681511 0.982869
867 0.304421 -0.030190 1.028578
1170 0.554155 0.339456 0.965612
171 -0.718874 0.065463 1.209201
1190 0.419798 0.476984 0.961609
317 0.152124 0.834935 0.959242
949 -0.026563 -0.755084 1.231539
1050 -0.571118 0.205746 1.147987
311 -0.416984 -0.107510 1.169815
660 -0.131147 0.536128 1.010518
821 -0.299451 0.637039 1.053170
1634 -0.791530 0.280547 1.201910
224 0.294056 0.621639 0.957501
514 -0.740742 0.461418 1.183640
499 1.256241 -0.831471 1.306939
883 0.747360 0.420855 0.927691
550 0.074279 0.443232 0.992640
416 -0.631397 -0.651379 1.319530
400 -0.028402 0.422305 1.021608
1383 -0.031990 0.308550 1.029888
102 -0.816354 -0.144374 1.268690
413 0.579777 1.074853 0.905166
258 -0.384601 -0.118288 1.156161
775 -0.251980 -0.224427 1.128032
299 0.883389 0.947281 0.896939
1377 0.348002 0.284468 0.979534
591 -0.133292 0.403230 1.022914
1603 -0.243868 0.182324 1.082814
956 0.491424 1.503945 0.959799
683 -0.599504 0.005693 1.197005
1326 -0.749412 0.088554 1.207099
1410 -0.473548 -0.021796 1.163839
582 0.198223 0.254592 0.995672
1038 -0.061635 0.326036 1.031046
1204 -0.389442 0.517412 1.064266
571 -0.212044 1.092234 1.013667
1166 -0.382621 0.678875 1.069350
1117 -0.552598 0.710619 1.092043
101 0.316849 0.859959 0.935826
473 0.546261 0.457218 0.929853
838 -0.429748 0.683848 1.085120
1526 0.022825 1.492108 1.020342
328 -0.099112 -0.686529 1.232868
432 -0.167353 0.819646 1.005730
837 -0.563968 0.517546 1.108444
1405 0.653901 1.632610 0.962803
1226 0.618910 0.308129 0.951826
1294 -0.081026 0.304335 1.033451
1041 1.436446 -0.998938 1.472404
559 -0.386064 1.849805 1.122726
675 0.394186 0.230998 0.976243
1517 0.378585 0.500354 0.957895
1180 -0.743065 0.040685 1.209819
1034 -0.553916 0.367275 1.131600
641 0.964420 1.392746 0.932252
534 -0.572336 0.204820 1.143291
1354 -0.685068 1.006438 1.161331
146 0.333862 0.093191 1.007856
1580 0.750087 0.681583 0.929640
615 0.567222 0.488387 0.942000
577 0.904281 1.169363 0.923855
561 -0.329571 1.045627 1.068314
1609 0.292692 1.658792 0.978354
207 -0.008104 0.777754 0.996931
919 0.556040 0.558893 0.949343
1317 0.047872 0.129981 1.020007
1244 -0.729205 0.766108 1.161754
456 -0.234953 0.343567 1.065852
532 -0.375140 0.511618 1.083533
290 -0.092942 1.389672 1.020021
1088 1.210558 -0.793240 1.282714
1427 0.649328 0.657354 0.922962
1408 0.779327 0.700972 0.911917
36 -0.434418 0.030497 1.145863
479 -0.534333 0.207751 1.144488
257 -0.886775 0.982260 1.197614
182 -0.489796 -0.021444 1.144581
1641 0.075506 0.573970 0.999252
95 1.267821 -0.813454 1.288836
1045 -0.159280 0.433907 1.040133
1081 0.156210 0.587271 0.961151
1307 -0.581060 0.149081 1.171363
1645 -0.479067 -0.492439 1.245157
728 -0.721930 -0.673612 1.352448
782 -0.725469 -0.417828 1.294666
1521 -0.879039 1.348192 1.171571
669 -0.246861 0.577780 1.044720
1637 0.955129 -0.979663 1.330979
544 -0.423739 0.851573 1.083888
41 0.324443 1.344248 0.958908
1523 -0.616325 0.160030 1.151740
111 -0.328104 0.031903 1.113567
454 -0.208187 0.728041 1.020998
54 -0.271439 0.372010 1.066417
1374 0.138341 0.551621 0.977487
380 -0.459006 0.528627 1.092799
1127 -0.542666 0.042067 1.153993
556 -0.042443 0.285173 1.029316
1284 0.837715 1.093091 0.913151
1136 0.268551 0.137822 0.987420
555 0.128674 -0.181142 1.083217
1358 0.508373 0.526643 0.944346
142 -0.427960 0.434746 1.098425
1152 0.493211 0.723034 0.935049
738 0.007117 0.727246 0.986810
208 -0.168915 -0.411196 1.172382
1596 0.111481 0.756208 0.952381
174 -0.854788 0.555437 1.195852
830 -0.088288 -0.406384 1.152408
903 -0.599837 0.434679 1.139304
732 0.190178 0.336620 0.983351
406 0.506344 1.145428 0.921887
1308 -0.047649 0.052193 1.058840
620 0.500557 0.409462 0.958813
63 -0.621328 0.786115 1.128578
958 -0.016191 0.387804 1.017961
907 -0.410616 -0.114261 1.158725
841 -0.420363 0.399644 1.099374
1255 -0.213977 -0.678894 1.238955
1027 0.488035 1.232405 0.920899
449 0.130333 -0.202296 1.085260
1128 0.064070 0.559832 0.988324
1332 0.630479 1.594051 0.977163
426 0.462344 0.387924 0.944240
1256 0.628425 0.387983 0.955371
570 -0.216267 0.711639 1.035067
1506 -0.253100 1.095174 1.033722
764 0.693695 1.669530 0.972364
205 0.379705 0.157209 0.990806
609 0.029062 -0.609841 1.173548
338 -0.615884 0.131619 1.171954
1200 0.505494 0.223513 0.983863
1352 0.323982 0.396820 0.977349
362 0.359877 0.174261 1.000653
914 1.164317 -1.204942 1.481147
769 -0.449408 -0.097657 1.163009
344 0.410534 0.068562 1.010574
980 1.338488 -0.923135 1.361742
1283 -0.209755 0.714652 1.046745
365 0.067970 0.512238 0.966943
1060 0.483586 0.302965 0.945568
1414 -0.647604 0.141439 1.179185
478 1.428632 -0.594584 1.222894
425 0.625147 0.364711 0.959796
636 -0.400462 -2.022484 5.778904
586 -0.529005 -1.943743 5.750376
21 -0.416884 0.127309 1.107299
1082 -0.160079 0.115490 1.072451
309 -0.823067 0.005925 1.263544
1121 -0.819622 0.750367 1.172138
23 -0.146853 0.592654 1.030319
464 0.756608 0.645520 0.916253
543 -0.012599 0.505674 1.005540
999 -0.214479 0.378201 1.045657
1240 0.791448 -1.330084 1.516816
731 -0.645679 -0.461725 1.278587
1323 1.452535 -0.987360 1.435352
706 -0.613488 0.833185 1.121072
431 0.111247 0.942805 0.982136
1185 -0.231224 0.060146 1.096794
896 0.471514 1.240268 0.946434
1320 -0.487612 -0.673144 1.309436
1229 0.685833 0.432727 0.938792
507 -0.215166 -0.071562 1.119854
954 -0.406315 -0.057676 1.126023
1246 0.084452 -0.103751 1.053113
325 -0.549223 0.686259 1.116642
1196 0.783405 0.252281 0.942883
159 -0.762992 -0.573592 1.339437
511 -0.867364 -0.607993 1.397251
943 -0.305058 -0.300968 1.159183
265 -0.292732 -0.102901 1.133495
521 0.237716 -0.124758 1.027367
1341 1.070401 0.994964 0.910296
376 -0.526256 0.454374 1.110248
1099 -0.629124 0.275644 1.136006
219 0.038185 0.811073 0.982881
1222 -0.087061 -0.922441 1.300282
196 -0.333418 0.168894 1.077525
1417 -1.065088 -0.071264 1.319704
1063 -0.352522 -0.177771 1.149933
1572 -0.383503 1.082796 1.082739
273 0.036454 -0.019938 1.064821
393 -0.108035 0.327377 1.047580
1594 -0.085471 1.091460 0.994715
122 -0.441251 0.735302 1.070021
671 -0.026101 -0.488260 1.163130
1563 1.081145 -0.882574 1.279804
390 1.069231 0.840472 0.921032
1385 -0.186827 0.283867 1.055428
90 0.322158 -0.322184 1.061668
1343 0.982766 0.931665 0.912613
771 0.283002 0.271832 0.996995
1536 0.044215 0.603139 0.996311
915 -0.295269 0.148344 1.094883
329 0.255063 0.298385 0.992736
1632 -0.881277 -0.733409 1.416378
996 -0.417856 0.265447 1.112449
164 0.206085 0.278324 1.000282
319 0.248600 0.801565 0.953478
287 0.032428 0.914677 0.971759
147 0.519451 0.408922 0.951228
234 0.469440 0.324943 0.966457
765 0.017327 0.461374 0.998106
1162 -0.828874 -0.209662 1.284120
1510 -0.590692 0.315113 1.144951
827 -0.452546 -0.369832 1.174785
920 -0.372883 0.437792 1.080853
1564 -0.388950 -0.246148 1.194047
518 -0.495935 0.964703 1.093886
165 0.692844 1.083569 0.910796
1037 -0.399065 0.920540 1.062135
592 -0.123245 0.347926 1.040032
1072 0.450999 0.452848 0.957083
1207 0.234518 0.536156 0.961535
951 -0.082589 0.198230 1.051461
411 -0.042591 0.505496 1.025149
13 0.896656 1.153689 0.909159
537 0.174736 0.927428 0.973388
1432 0.499290 0.331182 0.959196
1403 0.540155 0.316172 0.970491
1631 -0.388481 -0.003300 1.121846
1559 -0.065806 0.398507 1.020600
1061 -0.650237 0.462380 1.161736
66 1.552965 -0.954950 1.480041
1568 -0.396982 -0.666966 1.283257
1039 -0.208828 0.305022 1.063100
1442 0.370244 0.432700 0.975109
505 -0.470405 1.685401 1.140543
1612 1.281866 -1.070519 1.455286
312 -0.544593 -0.235235 1.211843
1114 -0.532784 0.712938 1.098931
722 0.647874 0.360010 0.953630
268 0.530250 0.445320 0.944198
1184 -0.087290 0.297750 1.057280
1135 -0.303610 1.481918 1.076294
378 -0.186330 0.080251 1.085768
397 -0.333264 0.145304 1.102776
526 0.541722 0.486397 0.956507
1111 -0.080832 -0.757040 1.248514
824 -0.823893 0.824190 1.182251
1398 0.513590 0.085804 1.002561
877 0.052676 0.463013 0.994491
798 1.479477 -0.958241 1.463950
230 0.400211 0.373790 0.966299
437 -0.391012 -0.819982 1.323074
1611 0.214688 1.709178 1.017874
1540 0.911077 0.583665 0.909201
1570 -0.154302 -0.228958 1.127735
1299 1.709930 -0.713161 1.358904
415 -0.617862 -0.212197 1.218997
493 -0.712496 -0.603779 1.355651
1024 -0.783440 0.899893 1.172577
484 0.279051 0.324895 0.974268
226 0.044556 -0.382491 1.124868
1068 1.471131 -0.699335 1.305302
1404 0.980858 -1.034239 1.370094
337 0.964907 1.383623 0.925387
1425 -0.560496 0.654469 1.125718
1277 0.338226 0.674964 0.942152
1242 -0.140682 0.989443 1.018486
126 -0.251862 0.180404 1.091247
358 1.321457 -1.181154 1.514758
48 -0.268160 0.521135 1.069730
689 -0.620472 -0.947470 1.416748
189 -0.482612 0.068317 1.151499
68 -0.268612 0.482396 1.062551
1440 1.460957 -0.843371 1.383279
590 -0.401132 0.219641 1.104907
84 0.389129 0.261864 0.969579
242 -0.259017 0.981000 1.052297
1159 0.826955 0.804906 0.911623
1511 0.914164 -1.145539 1.405954
153 0.952742 0.557921 0.913344
232 -0.510578 0.763397 1.107299
1046 -0.138965 0.480225 1.038728
1248 -0.568036 0.764860 1.124475
897 -0.759867 0.108690 1.200069
564 1.056357 1.076921 0.924387
1366 0.316475 0.293003 0.983384
1375 0.955294 0.876872 0.927190
1125 1.077191 0.648647 0.914047
233 -0.618603 -0.175425 1.215717
936 -0.295966 0.477461 1.052034
580 -0.427419 0.201365 1.105563
560 0.456154 0.708247 0.946484
1339 -0.216406 0.310672 1.072101
1434 -0.127622 0.182546 1.067639
364 1.243410 -0.753055 1.294026
221 -0.088431 2.144469 1.140537
730 0.943589 -1.076975 1.373879
1021 1.599402 -0.489027 1.239715
184 -0.420137 0.452713 1.104015
816 0.644530 1.477769 0.925960
992 -0.025289 0.781169 0.992037
1616 -0.750041 0.014655 1.210137
716 0.354062 0.225199 0.980820
1546 -0.770893 -0.051135 1.240703
1272 1.035212 0.523068 0.916009
934 1.470425 -0.986255 1.462565
209 -0.478510 0.464798 1.090046
302 -0.406029 0.614039 1.086668
950 -0.606900 1.174219 1.129030
304 -0.426832 -0.096066 1.147528
175 -0.431049 0.881438 1.086672
335 -0.634191 -0.208270 1.226084
1652 0.726088 1.260789 0.907660
852 0.181765 -0.706100 1.200549
1504 -0.459231 0.070917 1.155021
1168 -0.365662 1.044027 1.068380
1300 1.360601 -0.852775 1.355260
1247 0.544999 0.217330 0.971446
346 1.357213 -0.827650 1.344242
875 0.497304 0.218123 0.969380
694 -0.058732 0.242321 1.032258
1298 -0.691489 0.292745 1.183586
280 -0.853202 -0.582024 1.382661
670 0.209074 0.782596 0.959370
1026 -0.556408 0.328209 1.148057
44 -0.032057 1.275799 1.007591
451 1.172839 -1.128882 1.459432
1522 -0.456886 -0.230013 1.190732
1235 -0.315772 0.993268 1.053776
1452 0.640682 0.496902 0.920340
5 0.800780 -1.278778 1.456851
7 -0.605059 0.631449 1.117869
1051 -0.989772 -0.739923 1.446151
719 -0.327815 0.457770 1.069846
1483 -0.293118 1.033289 1.060325
572 1.005279 -1.372107 1.543253
1345 1.542409 -1.130539 1.573703
1622 -0.936860 -0.799279 1.467015
985 -0.367639 -0.228438 1.158482
1503 0.607720 0.628033 0.940043
528 -0.747771 0.329503 1.179720
88 -0.795410 -0.717977 1.389909
74 -0.421816 0.592048 1.066764
1029 -0.170746 0.099385 1.064406
1165 -0.287805 -0.028454 1.116326
363 0.808231 -0.383603 1.073213
25 -0.667979 0.081197 1.188679
371 -0.171302 0.939381 1.027936
1555 -0.064516 0.293375 1.027432
435 0.503842 0.191181 0.971869
859 1.455586 -0.873748 1.449887
921 0.341740 0.030373 1.007820
829 1.396081 -0.592180 1.242958
1552 -0.349601 0.412267 1.082176
682 -0.526962 0.254993 1.123009
118 1.464619 -1.157688 1.560585
574 1.596632 -0.851055 1.435979
1153 -0.247179 0.783682 1.042630
445 -0.451967 0.370750 1.108606
1260 -0.361257 0.699335 1.055091
721 -0.128388 0.624611 0.993571
1147 -0.914063 -0.031810 1.281533
584 0.704797 0.515160 0.921490
125 1.439113 -1.164813 1.544177
1340 -0.074358 0.325842 1.041013
1655 -0.508800 -0.174858 1.198570
1328 0.117511 0.698502 0.969495
655 -0.655950 -0.052651 1.194219
1455 -0.341577 1.098808 1.065679
1052 0.011050 0.342519 0.996805
315 1.135986 -0.493083 1.137556
1292 0.761493 0.579669 0.927614
713 0.389463 1.030448 0.937276
646 1.165142 -1.059999 1.424993
1252 1.181323 -1.235867 1.512035
1013 1.455124 -0.891145 1.407040
826 -0.293177 -0.090505 1.134513
677 1.067575 -1.300380 1.536624
785 -0.313748 1.052216 1.061223
1077 -0.775450 1.065016 1.166103
124 0.401441 0.434892 0.956176
1487 -0.143201 0.425563 1.027744
890 -0.927749 0.936777 1.220592
697 -0.679650 0.656866 1.153057
868 0.091629 1.104142 0.981036
1265 1.122669 -1.163500 1.463997
659 -0.108783 -0.508529 1.200025
237 0.606406 0.141091 0.981625
120 -0.314391 0.608315 1.052116
172 1.053963 1.229896 0.913905
1158 -0.984563 1.000405 1.243459
702 0.357281 0.264154 0.982392
639 0.157961 0.659312 0.963569
288 1.862996 -0.603195 1.405649
1569 -0.361066 0.831511 1.060096
527 0.120437 1.592655 0.998553
1089 -0.335457 -0.048789 1.107805
656 1.253100 -0.839188 1.344469
180 -1.289987 0.836874 1.340640
510 -0.196371 0.624528 1.038968
739 -0.432387 1.489455 1.088052
1186 -0.465978 0.267991 1.122277
137 -0.124875 0.415683 1.034618
87 -0.329979 -0.254800 1.162489
748 0.450965 0.631127 0.952978
598 -0.902327 0.412611 1.238715
1480 -0.687616 -0.416473 1.278772
593 1.589429 -1.100247 1.587167
480 0.116030 0.534903 0.987765
933 1.137778 1.510786 0.944837
1032 0.032193 0.374203 1.006317
307 0.532512 0.172391 0.973484
712 -0.472592 0.288325 1.123671
654 0.132527 0.703291 0.968074
139 -0.389111 0.283565 1.089404
990 -0.129030 0.717555 1.010587
155 -0.581768 0.653934 1.111530
256 0.368736 0.447320 0.962365
58 0.004236 0.557785 1.010246
1225 0.025839 0.568637 0.997924
1133 0.618521 0.521296 0.946620
1033 0.590689 0.499673 0.938551
1137 0.888002 -1.295619 1.489091
849 -0.773256 -0.612438 1.352458
461 -0.514262 0.332872 1.123783
468 -0.196509 0.887484 1.015239
1620 -0.794723 0.549483 1.201988
1463 0.429000 0.818227 0.927020
1533 -0.309883 1.202053 1.039970
946 0.044082 0.232005 1.020529
377 0.515682 0.483043 0.943030
1215 -0.230676 0.699512 1.040049
618 -0.657436 0.674420 1.126274
322 -0.889183 0.154611 1.252234
404 1.909554 -0.457272 1.331196
76 -0.463260 0.825899 1.069393
1138 -0.111788 0.401779 1.038678
603 -0.370000 1.099974 1.078360
548 0.715508 1.569485 0.956078
57 -0.535954 1.440658 1.130958
780 0.518180 0.501741 0.959259
357 -0.115283 1.148846 1.014497
394 0.872242 -1.121899 1.364014
1091 -0.819216 0.548985 1.219530
64 -0.555707 -0.389025 1.243988
705 0.054613 0.433419 0.987256
294 0.063183 0.507275 0.993990
1171 -0.740759 0.818133 1.164231
1496 -0.273320 0.358917 1.072677
1554 1.034954 1.120108 0.905116
634 -0.563393 0.833761 1.123591
130 -0.382639 -0.512235 1.229099
684 -0.233253 0.080100 1.091833
1651 -0.756204 0.716353 1.167027
1103 -0.345480 -0.222868 1.155745
1078 1.599986 -1.066143 1.577372
723 1.399403 -0.752802 1.325690
438 -0.563376 0.171172 1.158635
790 0.462191 1.547814 0.949103
750 0.986265 -1.144548 1.449637
129 0.126538 0.435004 0.971734
409 -0.298596 1.521346 1.098654
1090 1.214325 -0.562575 1.193792
94 0.435783 0.305887 0.962143
1119 -0.868169 0.406456 1.210826
491 1.254280 -1.000846 1.367909
391 -0.677934 -0.565795 1.330580
494 0.217477 0.334459 0.982658
20 0.793091 1.964116 1.031103
828 -0.486874 0.565257 1.109372
1232 0.757045 -1.172176 1.385739
110 -0.368688 1.818161 1.133700
471 -0.349742 0.545010 1.070233
1156 -0.540909 0.394003 1.130477
1647 1.102663 -1.043666 1.397701
375 -0.837530 0.511655 1.206443
1006 -0.763231 -0.927356 1.462951
678 -0.759041 1.152606 1.176349
1092 1.013856 -0.999420 1.360282
1350 1.090905 -1.273720 1.514757
1518 0.610075 0.989965 0.894370
831 -0.263366 0.754146 1.029033
1508 1.197739 -0.819718 1.301224
169 0.236020 0.998698 0.935214
566 -0.120397 0.883707 0.996804
916 -0.423049 1.008814 1.089300
960 -1.127669 -0.425482 1.370231
239 0.754282 -1.292238 1.445073
1145 0.061937 -0.138484 1.060199
1364 1.500535 -0.583434 1.258068
833 -0.816230 1.043138 1.192861
906 -0.892996 0.509804 1.216509
1447 0.438829 0.150049 0.975133
434 0.864374 1.053450 0.923677
148 0.630204 1.746029 1.004898
633 -0.630010 0.023779 1.174149
388 -0.349176 0.488809 1.076072
1304 0.482844 1.101795 0.921671
871 -0.997465 0.944676 1.242429
55 -0.349706 1.065577 1.060789
179 -0.145506 0.853257 1.010363
1444 -0.419203 -0.532476 1.255900
266 1.524358 -1.192322 1.609469
472 1.554948 -0.840785 1.381291
973 0.007053 0.711629 1.002010
56 -0.526293 0.123120 1.167365
1197 -0.379606 0.781544 1.060155
805 -0.216904 0.326592 1.060812
106 -0.131447 0.649392 1.015219
1023 -1.098614 0.113435 1.305505
777 0.907607 0.657003 0.920296
912 0.435127 -1.031741 1.287245
662 -0.785701 -0.738964 1.391678
673 -0.508224 0.695426 1.107843
1169 1.463060 -0.935469 1.375197
408 0.145750 0.608805 0.984923
902 1.015043 -1.117909 1.416752
384 -0.557487 0.581076 1.119968
964 1.017862 -1.473809 1.646408
151 -0.103151 -0.799585 1.261203
1258 0.767166 -1.478377 1.522855
1177 1.296519 -0.935546 1.362033
1363 0.489319 0.552850 0.942843
1336 -0.189172 -0.136258 1.096130
134 0.719101 -1.027083 1.303712
316 0.794064 0.764510 0.928868
1333 -0.128859 1.778704 1.081287
663 -0.643748 0.056482 1.178895
443 -0.947176 0.074989 1.294226
696 -0.603210 -0.550919 1.294404
275 -0.341963 0.695918 1.068538
1191 -0.028932 0.470411 1.015392
145 -0.643654 0.440979 1.149351
289 -0.223654 0.298643 1.066726
440 0.293216 1.188250 0.943678
136 0.794306 -1.015889 1.327035
1146 0.370800 0.371946 0.970530
489 -0.278381 0.749636 1.025779
727 1.087685 1.095418 0.930518
519 -0.473164 0.431500 1.096338
894 -0.721897 -0.234907 1.244928
982 -0.818298 0.975858 1.185506
199 -0.699748 0.904668 1.144250
1279 -0.936874 1.389338 1.254649
898 -0.409356 1.836240 1.166625
623 -0.722661 1.009848 1.164680
1015 1.020238 -1.254028 1.479503
333 -0.199296 -0.150663 1.100089
568 1.416486 -0.855409 1.363265
466 -0.687319 1.390234 1.180986
1581 -0.473263 0.511954 1.085392
631 1.704095 -0.969259 1.530647
4 1.066877 0.972773 0.926788
1206 -0.744154 0.482109 1.162475
1560 1.371922 -0.704357 1.290234
115 -1.003730 0.766888 1.226988
1415 -0.017173 0.505932 1.006853
1519 0.068392 -0.281462 1.108561
423 -0.533578 0.077462 1.154550
1237 -0.837125 1.260298 1.204169
664 0.893163 1.158655 0.921882
1479 1.520727 -0.974324 1.498983
1042 -0.315134 1.268058 1.071668
1422 0.159676 1.148810 0.956436
1400 0.495747 0.380751 0.959691
1516 0.421793 0.625494 0.947735
89 -0.809629 -0.546618 1.364300
1423 0.118800 0.022734 1.039721
674 -0.533152 0.464405 1.117394
1636 0.282737 -0.091755 1.038029
1399 -0.886168 0.236856 1.259261
447 0.495812 1.569731 0.955295
321 0.080445 0.341181 0.995282
1329 -0.403472 -0.488296 1.218010
271 -0.212572 -0.290134 1.154819
1439 -1.054465 1.310218 1.277758
545 -0.635332 0.127152 1.180333
158 0.206144 0.097386 1.021397
113 1.304897 -1.284763 1.593320
552 1.803105 -1.108095 1.645658
789 0.842621 -1.208323 1.432151
503 1.703805 -0.707843 1.354139
847 1.604231 -0.800281 1.378404
1476 1.290456 -1.166831 1.501087
1062 -0.712988 -0.619902 1.339633
1515 0.875866 -1.094377 1.382628
279 1.320925 -0.715649 1.285632
614 -0.317488 -0.474115 1.219315
1195 -0.510078 0.493788 1.108289
181 0.380030 -0.977568 1.295566
1391 0.446415 0.315801 0.962475
204 -0.355609 1.556729 1.098567
386 -0.811958 0.299941 1.201038
786 1.243672 -0.810126 1.308774
46 -0.730453 -0.803151 1.381758
520 -0.684906 0.316222 1.149049
1621 0.794721 0.656558 0.917485
1176 0.208210 0.624885 0.985360
1096 1.185674 -0.813659 1.289788
1441 0.128519 0.493874 0.978277
1380 0.876094 -0.999605 1.344860
1312 -0.122814 0.401711 1.046332
424 0.671735 0.082404 0.957586
854 0.351815 -0.100989 1.024853
190 0.354659 0.424878 0.960151
1331 -0.639795 -0.332467 1.251871
1429 0.953119 -1.429275 1.556982
1175 -0.758344 0.418297 1.197519
1236 1.388285 -0.833538 1.365542
1489 1.045408 -1.242716 1.477723
213 -0.077581 -0.671776 1.220340
1628 0.633791 -1.235627 1.404449
382 -0.247051 0.775092 1.028806
162 1.532542 -0.849276 1.395496
201 0.996556 -1.215899 1.497713
439 -0.150593 0.378197 1.043215
1270 1.523528 -0.882150 1.440302
1087 1.621790 -0.916987 1.430676
249 1.651776 -1.156992 1.583445
9 -0.879265 1.017151 1.225738
1484 -0.655802 -0.104890 1.219838
1321 0.483668 1.154196 0.919125
78 1.231550 -0.837264 1.313153
1556 1.459666 -0.902110 1.413296
649 -0.723671 0.408538 1.188929
1116 1.294201 -1.138963 1.471359
626 1.151272 -0.868698 1.291172
923 -0.045311 0.141847 1.058195
355 -0.400432 0.395696 1.094152
1301 1.441408 -0.864784 1.373597
1309 -0.455393 -0.018997 1.134102
967 1.436422 -1.361128 1.701901
238 -0.344146 2.120073 1.181660
1355 0.243410 1.920002 1.035232
616 1.271017 -1.556136 1.742455
585 -0.683795 0.526750 1.144475
576 1.402617 -0.859556 1.324421
1360 -0.618271 0.149493 1.168919
515 1.110286 -0.843019 1.306260
19 -0.147411 0.025049 1.065890
605 1.393513 -1.088969 1.500348
690 -0.666629 0.569617 1.152286
121 -0.336582 0.052620 1.107787
1178 -0.987559 0.275337 1.280322
1545 -0.069276 1.060783 1.006696
930 0.555203 1.220210 0.943784
49 1.533996 -1.241373 1.619695
741 -0.864127 0.936180 1.195135
1281 1.149907 -0.734822 1.236198
637 -0.358893 0.308032 1.096474
1449 1.270053 -0.830069 1.306760
1474 1.398158 -0.502630 1.206604
1261 0.461807 1.821661 1.009792
917 -0.932697 0.567070 1.231876
1402 -0.045864 0.205377 1.035970
853 1.606949 -0.818906 1.423537
264 0.370829 0.130074 0.994488
1161 -0.146472 0.970270 1.022518
1319 -0.388224 0.585332 1.077244
1098 1.339762 -1.211715 1.542473
823 0.449452 0.328426 0.969200
1058 1.513154 -1.461915 1.768388
1437 0.263675 0.310262 0.990999
1094 1.529473 -0.390986 1.206879
1275 -0.475693 1.067755 1.106578
283 1.447370 -1.081530 1.491506
1527 -0.935186 0.722504 1.203337
1122 -0.372549 1.290778 1.062217
231 0.392377 1.454242 0.984074
351 1.318147 -1.052518 1.449595
1378 0.028785 1.120820 0.980704
1151 -0.139832 1.027266 0.987476
747 0.047555 0.505122 1.006712
34 1.251731 -1.208165 1.512462
252 -0.055095 0.763177 0.983551
1012 0.627702 0.497224 0.927961
1271 1.384132 -0.549213 1.217507
1280 -0.481601 0.475712 1.126994
1286 0.625365 1.067896 0.915563
1287 -0.137511 0.346024 1.046744
800 0.636250 0.960258 0.907587
779 -0.219024 0.439627 1.039795
1577 0.116096 -0.157973 1.065296
681 0.429503 0.499404 0.951326
1608 0.607021 -1.242430 1.427608
857 -0.159825 0.282450 1.066207
1310 -0.733410 0.094592 1.193791
1638 1.262377 -0.821631 1.348618
1008 0.674173 1.395878 0.922050
604 1.100081 -1.471705 1.657390
1243 -0.027569 0.808168 1.002746
399 -0.789830 1.191251 1.180221
1488 -0.215607 0.451146 1.061489
52 0.912756 -1.027748 1.371958
944 -0.256668 0.090832 1.099327
624 1.519243 -0.579571 1.261686
692 1.065826 -1.107143 1.409763
531 -1.047449 0.777636 1.213998
976 1.093766 0.913782 0.899320
1203 0.737891 0.243607 0.948005
419 0.985031 -0.811096 1.225742
421 0.629919 -1.262439 1.427701
1219 0.834516 1.224635 0.921127
874 1.410491 -1.167774 1.553311
1629 -0.285770 1.185961 1.057897
194 0.463996 -1.164944 1.367768
1475 1.756937 -1.137277 1.669261
1302 -0.872685 -0.722217 1.392447
1264 1.144133 -1.244013 1.508221
1201 0.498518 0.736430 0.904086
809 -1.167342 -0.028131 1.364164
557 -1.137048 0.452249 1.283739
931 1.493624 -0.686307 1.281604
1109 1.384693 -0.942792 1.393819
1618 -0.376252 0.613805 1.065692
753 0.098624 2.232400 1.166894
522 -1.031677 0.810146 1.242224
300 1.350424 -1.051112 1.462195
31 0.567307 0.555819 0.931725
8 -1.156968 1.052479 1.296262
1227 0.401603 0.698734 0.942946
978 -0.548296 0.624937 1.129114
652 -0.269999 0.365668 1.059963
589 -0.023220 0.453707 1.008496
1599 1.255006 -1.316736 1.580779
1656 -0.075804 1.555170 1.049332
1497 -1.477773 0.433244 1.402604
1205 0.898398 0.603039 0.916115
886 1.366691 -1.119199 1.485747
651 1.107647 1.210549 0.927049
104 -0.068738 0.407408 1.023711
177 -0.926700 1.510549 1.249995
1143 1.236500 -1.292821 1.578057
160 -0.881044 0.595258 1.172665
39 1.044593 -1.011978 1.357170
1630 1.425869 -1.029682 1.450900
135 0.631291 -1.146250 1.387123
1478 1.233590 -1.153998 1.464680
981 1.302555 -1.357068 1.601757
565 1.329466 -0.905914 1.378297
10 -0.903087 0.017928 1.271356
1418 1.703958 -0.566780 1.309076
1431 0.013821 0.930516 0.981735
665 -0.255284 1.360969 1.079040
679 -0.491850 0.460385 1.094175
281 1.808696 -0.402091 1.259831
272 -0.675486 1.010336 1.142732
1509 0.663393 1.010112 0.903214
1097 1.423802 -0.325191 1.141409
1413 -0.001368 1.105520 0.989648
608 1.493005 -1.435191 1.748745
303 0.993490 -1.196447 1.473737
1120 -0.098126 0.162153 1.045700
1501 1.219610 -0.824722 1.292217
619 -0.219635 0.062230 1.097294
882 1.018793 -0.845576 1.299922
1141 -0.056344 1.464195 1.001495
797 1.209006 -1.225642 1.538366
16 0.435788 1.036638 0.932052
1274 -1.280124 0.036282 1.366526
1036 -1.051160 0.707731 1.247156
1313 0.686630 1.768187 0.976806
35 -0.086612 1.105280 1.001098
1357 1.579019 -1.086213 1.586103
1513 1.290228 -1.071664 1.455624
617 -0.977813 1.172936 1.237757
217 -0.446639 0.799684 1.084074
1214 1.547625 -1.482373 1.802106
369 -0.138650 1.030790 1.020663
497 -0.898710 0.462528 1.241713
395 -0.536885 0.579689 1.122164
360 1.407028 -0.690982 1.281763
1233 1.314006 -1.243750 1.539512
460 -0.330861 0.914104 1.051363
128 0.592606 -1.069385 1.292575
1598 0.608817 -1.127209 1.345344
1100 0.716769 -1.004418 1.289356
870 1.806686 -1.057393 1.613796
240 0.601914 -0.940868 1.257564
170 0.553237 -1.071506 1.321220
1494 1.216465 -1.127114 1.448196
744 0.678577 0.738960 0.924100
367 1.085393 -0.907568 1.325451
178 1.256518 -0.890232 1.362925
1460 0.325613 2.033187 1.080759
407 1.053457 -0.770531 1.281913
1028 0.731356 -0.857033 1.274376
770 -0.551860 -0.180640 1.212023
476 -0.485545 1.389148 1.130574
389 0.648881 1.126740 0.922508
773 1.326896 -0.636607 1.229813
825 -0.210305 0.832611 1.030920
1273 -0.874721 -0.187474 1.272561
969 -0.447508 -0.024458 1.148263
876 -0.657104 1.082238 1.127306
306 0.909327 -0.626907 1.147782
562 -0.804726 0.189370 1.222449
1005 -0.168801 2.232294 1.219990
310 -0.818470 1.050465 1.172947
1154 0.453059 -0.666357 1.184814
27 -0.618965 -0.587597 1.301680
28 -0.422018 0.068482 1.136958
236 -0.048591 0.421118 1.019960
1394 1.230116 -1.086739 1.458786
509 1.072436 -0.702099 1.221609
872 -1.598090 0.849589 1.417177
972 1.457923 -0.925709 1.409879
1251 -0.160788 0.383568 1.052637
1174 1.753404 -0.948054 1.539848
486 1.596470 -1.093209 1.546027
22 1.634172 -1.288185 1.663064
1395 -1.010613 1.176744 1.250333
86 1.504385 -1.383911 1.659062
326 -1.040980 0.369904 1.274259
1291 1.490861 -1.100326 1.535200
546 1.197738 -0.773727 1.270995
458 -0.623381 1.529415 1.189966
666 0.564651 0.410168 0.943333
989 1.320286 -0.336905 1.141600
820 1.278327 -1.051422 1.406333
462 0.612513 1.215877 0.935281
1163 0.781799 -1.440825 1.568178
11 -0.235581 0.785185 1.056750
763 -0.037118 0.613244 1.016980
948 -1.706381 0.251301 1.493561
1056 -0.911773 0.735155 1.204616
971 1.334634 -0.879743 1.343531
963 1.485820 -1.213655 1.621527
657 1.688387 -0.718117 1.400235
1267 -0.585471 0.249283 1.132792
942 -1.391236 0.559701 1.371323
661 1.183652 -1.094909 1.434020
736 0.301206 0.387086 0.924703
420 -0.265627 0.712042 1.064467
1566 0.017824 0.598120 0.993382
295 0.901491 -1.096104 1.351723
1113 -0.099390 1.106454 0.999512
1507 -0.965161 0.838626 1.239567
700 -0.352639 0.698327 1.089615
1173 1.232697 -0.543024 1.183333
686 -1.254511 1.012956 1.292299
835 -0.427621 1.134779 1.077671
517 -0.370439 0.324603 1.076450
885 0.715568 -1.357004 1.482841
1194 1.481288 -0.987112 1.474369
1074 0.133528 0.373134 0.962106
1416 1.495829 -0.649642 1.298896
819 1.736876 -0.942966 1.517565
185 -0.519132 0.746758 1.073711
1658 -0.787194 1.327006 1.201885
42 -0.004458 1.428337 1.003744
291 1.294169 -0.904079 1.371561
1459 -0.182001 0.504704 1.007036
644 0.759689 -0.858707 1.260564
945 1.048019 -0.857652 1.286822
729 1.413562 -1.204840 1.563746
1212 -0.759417 -0.436045 1.302578
594 1.165481 -1.151439 1.441786
911 -0.989157 -0.293263 1.358997
1602 1.858407 -1.074700 1.632287
77 1.434357 -0.243503 1.110083
1390 -1.096402 0.471375 1.255174
1642 -0.645399 1.746533 1.169608
33 1.215244 -1.092822 1.421487
401 1.491369 -0.617413 1.292470
296 1.292430 -0.998213 1.414633
269 -1.182807 0.181154 1.341434
255 1.424008 -0.884391 1.334372
784 -0.546121 1.117609 1.124111
1230 -1.234434 0.212909 1.363245
760 -1.296005 1.140563 1.320534
900 -0.401945 1.542777 1.130466
1472 -1.048281 0.657342 1.261531
1245 -0.545742 0.558681 1.117493
940 -0.685536 -0.254053 1.248882
1381 0.491241 2.087399 1.062084
215 -0.748841 -0.600308 1.314229
707 0.340467 2.248511 1.134752
1426 -1.034822 0.491010 1.269537
1548 1.541959 -1.313611 1.647441
492 1.269170 -1.312665 1.584757
1188 -1.356107 0.898445 1.365284
259 -0.646613 1.189601 1.134271
450 1.146734 -1.091862 1.439118
229 1.609142 -0.602676 1.295586
1106 1.448143 -1.189368 1.547655
1324 1.343632 -1.288535 1.560226
1031 0.838641 -1.126196 1.382380
1562 0.384851 2.056309 1.085551
1388 -1.178937 0.270247 1.270084
1471 -0.050275 0.589191 1.020383
1549 -0.322641 0.678749 1.080403
987 1.420964 -0.628168 1.257113
1347 1.215408 -1.101999 1.442461
448 1.104839 -1.482203 1.597203
725 0.922859 -1.386693 1.553878
212 -0.375738 0.770662 1.083600
374 1.381683 -1.231804 1.560450
703 1.335507 -1.037745 1.448109
895 -0.160268 0.613380 1.044832
1002 0.641374 0.660411 0.940244
1657 0.378749 -1.172494 1.376415
812 1.194273 -0.998297 1.385157
1014 0.468751 0.903672 0.913274
891 -0.626151 1.300003 1.151666
766 0.593333 0.469424 0.943786
1582 0.891839 -0.780078 1.217593
446 -0.587830 -0.140488 1.209929
356 0.354708 0.640817 0.939219
1238 0.919198 -1.096368 1.393710
1217 -0.427912 0.535625 1.061945
59 -0.640751 1.014875 1.094738
1448 -0.202577 0.929606 1.039921
1044 1.225613 -0.863668 1.325915
795 -0.454959 0.683951 1.099760
1139 1.487777 -1.313140 1.689724
1183 -0.518312 -0.221242 1.212752
1221 -0.141273 0.477352 1.017687
799 -0.092104 0.362956 1.041800
144 1.091432 -0.572425 1.157593
709 1.912287 -1.027969 1.611714
1095 1.860231 -0.953691 1.592402
1069 0.719068 0.357601 0.946701
433 1.961835 -1.124040 1.700032
1557 -0.910012 0.608653 1.197253
412 2.007026 0.022076 1.180027
529 -0.290294 0.032893 1.092298
442 1.292199 1.218616 0.933325
1296 0.301189 0.817125 0.954790
69 1.252043 -1.172065 1.495488
1466 -1.254077 1.201061 1.328565
953 1.435692 -1.001747 1.437699
1047 -0.470291 1.480186 1.122277
1649 1.282981 -0.714193 1.261986
1059 -1.176337 0.584661 1.286202
1040 1.192459 -1.596270 1.752830
1257 -0.408015 0.116553 1.132868
587 1.949505 -0.051847 1.161435
1409 1.349638 -1.277599 1.597858
1421 -0.489773 0.024193 1.130859
1379 -0.999912 0.214896 1.262327
1208 1.084922 -0.587020 1.227157
1349 -1.067510 0.840942 1.267764
724 0.980195 -1.336248 1.511103
150 -0.405059 1.079389 1.031786
860 -0.648763 -0.107291 1.225196
553 -0.310269 1.130376 1.077522
140 -0.367309 0.581414 1.061182
1269 1.165009 -0.767621 1.253679
1004 0.701900 0.762729 0.917714
941 1.467335 -0.911228 1.423421
1142 1.135848 -1.294709 1.500291
1009 -1.189623 -0.111399 1.371917
1458 -0.805467 0.113122 1.234767
1035 -0.210494 0.423625 1.044054
108 1.373558 -1.275650 1.620082
695 1.779213 -1.279337 1.699155
24 1.315166 -0.739261 1.291616
888 1.224984 -1.444129 1.668700
1160 -0.223828 1.907843 1.116801
467 1.296566 -1.201368 1.521642
742 -1.252877 0.783052 1.284618
352 -1.556062 0.581712 1.453019
1110 1.550066 -0.768542 1.386030
1181 -1.460941 0.821210 1.376545
612 1.396821 -1.501839 1.697601
274 0.392183 1.493145 0.950737
93 1.168520 -0.701515 1.240460
1157 -0.563843 0.582409 1.140906
1254 1.538063 -0.380924 1.189921
734 -1.216220 0.236014 1.337878
1635 -0.937364 0.253727 1.243279
248 1.399504 -1.233198 1.583407
490 0.718900 -1.228426 1.406814
1529 0.820692 -1.268746 1.476568
17 -0.265826 0.633385 1.079029
1424 0.920074 0.603042 0.953919
132 1.111339 -0.590703 1.180993
1164 1.086729 0.683079 0.922741
1397 -1.417739 0.853940 1.365033
119 1.116331 -0.559620 1.193461
51 1.526836 -0.969435 1.438567
818 -0.142917 1.256238 1.032500
932 0.850375 -0.839873 1.240976
1589 -1.087970 -0.323163 1.390597
1282 0.390750 -0.884239 1.282327
143 1.073881 -0.556922 1.157718
746 0.338161 1.819210 1.049214
45 1.336512 -0.784330 1.306646
418 0.204520 0.967726 0.966039
1067 -0.980533 -0.064487 1.298383
1502 -0.118928 0.983745 0.990006
1445 -1.362366 0.647803 1.342481
157 1.229713 -0.828300 1.273254
1482 -1.060591 1.044268 1.221169
1648 1.459623 -0.833591 1.311755
1467 -1.273572 0.400572 1.339208
47 -0.804625 -0.702404 1.385301
1342 1.194179 -0.990939 1.392005
751 1.074721 1.023909 0.946620
1131 0.806388 -1.254230 1.449288
186 -1.469606 0.559444 1.370690
1348 1.386986 -1.406600 1.697634
1481 -0.261957 0.215566 1.059381
168 -0.605055 -0.683294 1.344094
938 -0.300292 0.421303 1.061336
1020 -0.040595 0.308571 1.036113
688 1.806567 -0.350945 1.274302
1249 -1.360651 0.877513 1.336108
354 -1.284858 0.241963 1.339907
167 -0.681719 0.407560 1.159360
324 -1.090935 0.856204 1.256242
1209 1.537163 -0.568642 1.268188
804 1.504640 -0.675176 1.293717
1593 1.252487 -1.706420 1.868533
276 1.372528 -1.159627 1.505655
627 -0.323830 0.739629 1.055169
1553 1.294705 -1.046980 1.468717
1406 1.308607 -1.443481 1.670358
198 -1.091526 0.481771 1.259019
336 -0.992858 0.713308 1.241142
1228 0.307790 1.396364 1.004324
109 1.294524 -1.326372 1.636580
910 0.870070 -0.943710 1.280037
851 -0.625866 0.888233 1.096957
192 -0.126883 -0.637089 1.225924
1019 1.569241 -0.986386 1.504701
855 0.956307 -0.803924 1.247016
1314 -0.962794 -0.244785 1.306781
899 -0.953767 0.595123 1.195349
1392 0.084916 1.125483 0.978121
640 -0.172911 0.153130 1.065559
241 0.284119 -0.334595 1.061706
579 1.395146 -1.284937 1.611832
794 0.835666 0.282813 0.961160
783 0.811245 -1.159486 1.376342
70 -0.826503 -0.097611 1.289392
210 1.145012 -1.847519 1.904726
1278 1.169922 -1.241121 1.547244
988 -0.311234 -0.091665 1.088928
368 1.337964 -1.245652 1.571991
383 -1.076195 0.636269 1.229507
845 -0.626796 0.793207 1.144337
523 0.058970 0.900243 0.986888
904 0.141021 1.814015 1.081910
1030 -0.921903 0.280688 1.242479
253 -1.016909 0.188848 1.240347
1049 1.177033 -0.596961 1.174835
82 0.065389 0.622426 0.998561
60 1.633661 -1.378298 1.757240
968 -0.940335 1.357637 1.174328
243 0.011145 1.064673 1.006379
166 1.099833 -1.435484 1.666242
846 -0.731890 0.106764 1.203257
1123 -1.038705 0.117454 1.294270
567 0.178239 0.303203 1.008964
1591 -0.420493 0.614918 1.090988
1613 -1.122895 0.743258 1.229939
635 -1.523397 0.352892 1.394503
246 1.080016 -0.831854 1.271453
332 1.037135 -1.423209 1.575653
814 -1.112241 0.877579 1.212488
864 1.383654 -1.574261 1.753966
714 -0.679099 0.957332 1.121009
292 1.090349 -1.418542 1.613875
250 -1.438570 0.587568 1.330127
625 0.974582 0.542360 0.922927
263 0.807766 -0.740913 1.238631
1285 -0.646829 0.131193 1.169144
925 1.008963 -0.997577 1.326450
1303 -1.088932 -0.216178 1.379564
1231 1.211362 -1.080237 1.463430
138 -1.144910 -0.561651 1.278202
1290 -1.239593 -0.137762 1.396578
1101 -0.076514 0.865831 0.993373
71 -0.344595 1.624498 1.030225
1371 -0.824895 0.991897 1.121054
1401 -0.560066 0.119890 1.170271
1626 -0.938581 -0.336976 1.191942
1597 -0.283812 0.822470 1.001255
1346 0.413573 0.680436 0.978766
398 -0.898635 0.308944 1.179359
836 -0.139132 0.458412 1.065342
1512 -0.926795 -0.178240 1.302236
822 -0.523926 0.843070 1.087178
214 0.408315 0.407966 0.987272
1334 -0.038569 0.484662 1.012878
1234 -0.235007 0.492739 1.075848
1057 -0.234744 1.280723 1.013822
815 -0.786401 0.292254 1.125253
1016 -0.835670 -0.350980 1.316465
105 0.925485 -1.269793 1.462134
541 -0.366812 0.271734 1.113977
1075 -0.304560 0.666357 1.037230
848 1.084630 -1.015059 1.350329
879 0.384476 1.184775 0.964039
305 -0.751422 0.731244 1.081442
1007 -0.515839 0.375079 1.091581
1250 -0.341945 -0.281230 1.182764
30 -0.879766 0.428931 1.163830
1192 1.223400 -1.079468 1.407662
718 0.637002 0.504598 0.972031
191 1.158572 -0.949016 1.341254
1465 -0.650664 0.713495 1.115893
1017 -0.802551 0.492673 1.090416
558 -0.069883 0.675505 0.947549
1065 -0.778156 0.610220 1.086648
1025 -0.544459 -0.231920 1.116460
301 -0.122903 0.708572 1.027456
452 -0.311476 0.677224 1.074227
1428 -0.114757 0.570027 1.056621
1351 -0.747392 -0.381721 1.072091
385 -0.070623 0.837647 0.933959
535 -0.343867 -0.443175 1.181843
61 -0.705978 0.153278 1.055900
1595 -0.490621 0.185756 1.051903
1193 1.415046 -0.641883 1.236294
547 -0.199977 0.290578 1.065130
428 0.667534 -0.229966 1.017615
1311 -0.096298 0.693611 0.980478
1118 -0.156165 0.390491 1.028109
1262 0.030560 0.303074 1.014351
893 -0.590445 0.048874 1.113871
1356 -0.357656 -0.002119 1.112011
1653 -0.022421 0.090959 0.994852
341 0.451576 0.028015 1.040898
596 -0.199790 0.483911 0.987791
245 -0.060965 0.100757 1.092823
761 -0.169330 0.309409 1.055867
1528 0.831989 -0.601028 1.098665
1592 -0.193916 0.793249 0.955663
762 0.691385 0.345513 0.927170
203 -0.360706 0.284053 1.037503
575 0.448258 0.043517 1.004266
1607 0.544142 -0.401451 0.958631
676 -0.181484 0.313415 0.975909
1172 -0.275140 0.232531 1.045669
621 0.092633 0.373629 1.016564
708 0.613883 -0.745013 1.092164
37 0.062377 0.243887 0.997292
