962 5
679 -0.489027 0.418638 0.608235 -0.178001 -0.624311
889 -0.702976 0.348385 0.652799 -0.255359 -0.592855
873 -0.527355 0.150960 0.124488 -0.587308 -0.940980
147 -0.677443 0.244594 0.171851 -0.116513 -0.895660
646 -0.366290 0.089636 0.469979 -0.203447 -0.891474
562 -0.659065 0.466994 0.550211 0.047141 -0.646689
103 -0.975775 0.156463 0.134078 -0.316865 -0.883433
830 0.182491 0.078938 0.082243 -0.401012 -1.218548
293 -0.667220 0.466004 -0.169228 -0.269547 -0.945029
155 -0.508603 0.658363 -0.168018 -0.299488 -0.887807
328 -0.475639 0.100343 0.163941 -0.442378 -0.969476
808 -0.145569 0.115907 0.769465 -0.198011 -0.815019
230 -0.278651 0.111050 0.457155 -0.006416 -0.919176
315 -1.026698 0.637510 0.290523 -0.095690 -0.624352
236 -0.896183 0.458522 0.146024 -0.435062 -0.733651
373 0.022090 0.174525 0.719333 -0.286615 -0.833179
204 -0.698278 0.165101 0.095123 -0.311919 -0.939878
892 -0.639779 0.304617 0.396146 0.217272 -0.807311
413 0.152684 0.009094 0.350050 -0.590194 -1.086258
710 0.072369 0.087309 0.207545 -0.395090 -1.113512
309 -0.513241 0.104400 -0.023864 0.222626 -1.160253
747 0.263558 0.291025 -0.028309 -0.653808 -1.165784
260 -0.497677 0.302084 -0.349615 -0.155211 -1.167417
270 -0.961791 0.458555 0.518994 0.113609 -0.632339
805 -0.158193 -0.117959 0.508962 -0.203595 -1.045333
709 -0.388423 0.173551 -0.163265 -0.538099 -1.117888
311 -0.780875 0.255823 0.603577 -0.472407 -0.637858
718 -0.840853 0.346622 0.515554 -0.815333 -0.598089
275 -0.419410 -0.022559 0.992390 -0.388281 -0.699166
526 -0.633767 0.033065 0.197432 0.029548 -1.021270
321 -0.897171 0.895460 0.142670 -0.350241 -0.573025
617 -0.806996 0.054599 0.486429 -0.074430 -0.824351
748 -0.381631 -0.052869 0.224790 -0.335327 -1.060821
529 -0.608195 -0.066619 0.462502 0.044701 -0.953346
856 -0.702687 0.325393 0.376798 -0.418185 -0.718714
206 -0.215327 -0.053376 0.311947 -0.260051 -1.062765
456 -0.112284 0.001974 0.577528 -0.201258 -0.961795
669 -0.515238 0.088016 0.088188 -0.212062 -1.038268
866 -0.398887 0.492328 -0.142766 -0.129509 -0.997113
229 -0.614705 0.130222 0.272872 -0.242319 -0.897529
633 0.520888 0.365955 0.825471 -0.199981 -0.934396
246 0.126753 0.167039 0.034863 -0.732505 -1.133206
52 0.280140 0.440380 0.178379 -0.761420 -0.975942
160 -0.754566 0.207542 0.328292 -0.181427 -0.811514
592 -0.348192 0.489365 -0.345204 0.298206 -1.189719
214 0.361413 0.466409 0.250373 -0.626486 -0.985607
958 -0.035887 -0.262049 0.341434 0.114654 -1.290146
760 -0.325527 0.137438 0.232801 0.588790 -1.127701
558 -0.922511 -0.021018 0.266528 0.099747 -0.969713
222 -0.433080 -0.188165 0.744194 -0.706493 -0.866387
746 -0.452035 0.010379 -0.006468 -0.217276 -1.132526
908 -0.304327 0.247592 0.198426 0.021490 -0.978178
795 0.073608 0.040736 0.199595 -0.629003 -1.121721
555 -0.287406 -0.201896 0.596889 -0.474249 -0.994218
837 0.023081 -0.105542 0.335626 -0.644165 -1.126891
64 -0.080737 -0.144137 0.371515 -0.336192 -1.120901
860 -0.195211 -0.089957 0.044847 -0.274702 -1.227163
163 0.086512 0.300691 0.027921 -0.779052 -1.064929
895 -0.846240 0.814963 -0.115187 -0.294560 -0.735972
265 -0.653106 -0.083811 0.847024 -0.329440 -0.751485
671 -0.698227 0.433804 -0.151310 -0.032828 -0.985047
416 -0.140122 0.123026 0.624487 0.072448 -0.888135
291 -0.937740 0.408661 0.259382 -0.137847 -0.730610
792 -0.875851 0.423277 0.174218 -0.089707 -0.775164
154 -0.318960 -0.175087 0.685969 -0.907586 -0.908106
184 -0.239512 -0.223107 0.701728 -0.502874 -0.965368
495 -0.378148 0.086599 0.134352 -0.411905 -1.009053
656 -0.934725 0.583898 0.155517 0.105488 -0.751178
146 -0.311213 0.109264 0.488390 -0.293895 -0.863454
754 -0.858789 0.401011 0.527257 -0.665509 -0.580027
405 -0.375302 -0.209741 0.466637 0.190586 -1.127562
132 -0.296930 0.221107 -0.278706 -0.543035 -1.174001
501 -0.089592 0.019156 0.604562 -0.579973 -0.914862
649 -1.078998 0.680517 0.546562 -0.304069 -0.457047
938 -0.921646 0.232869 0.750003 -0.494682 -0.569191
419 0.176375 -0.013415 0.037085 -0.623152 -1.270161
255 -0.464658 0.048476 0.210239 -0.293527 -0.996809
299 -0.857855 0.845023 -0.135173 -0.395109 -0.737974
806 -0.340382 -0.099525 0.446685 -0.110500 -1.016744
128 -0.831225 0.329373 0.068634 -0.688519 -0.821080
261 -0.777880 0.387956 0.297912 0.034067 -0.774532
645 -0.677770 0.337529 0.028000 -0.237889 -0.912237
716 -0.928909 0.605569 0.612353 -0.141554 -0.501736
302 -1.000493 0.429244 0.258589 -0.220157 -0.707594
627 -0.216309 -0.137531 0.923239 -0.297070 -0.851784
650 -0.700348 0.229000 -0.000750 0.104697 -1.012757
19 -0.585967 0.348420 0.600725 -0.440783 -0.627412
313 -0.568747 0.045497 0.078401 -0.234908 -1.049208
145 -0.271883 -0.100316 0.549262 -0.464265 -0.953836
256 -0.768979 0.183482 0.112090 -0.330346 -0.908895
644 -0.377110 -0.081600 0.454656 -0.282095 -0.967946
149 -0.613973 -0.072291 0.942801 -0.585300 -0.702866
888 -0.337379 0.092394 0.222690 0.060032 -1.043173
574 -0.276867 -0.074991 0.690748 -0.642412 -0.850299
329 0.026971 -0.077483 0.332773 -0.643386 -1.107411
312 -0.436881 -0.015907 0.171859 -0.395401 -1.048455
238 -0.181349 -0.286335 0.164275 -0.243941 -1.285547
203 -0.357621 0.149375 -0.213257 -0.206278 -1.210629
579 -0.529070 -0.078476 0.800679 -0.107859 -0.821462
793 -0.501558 0.036986 0.216783 0.125127 -1.048862
410 -0.965034 0.753744 0.212610 -0.407529 -0.583069
870 0.399071 0.267129 0.195843 -0.492889 -1.134746
436 -0.711628 0.362938 -0.205310 -0.203775 -1.017252
161 -0.369629 0.182921 -0.390323 -0.209061 -1.274051
264 -0.457599 0.728779 -0.349946 -0.689493 -0.919457
134 -0.492539 0.626572 -0.364697 -0.251362 -1.016527
268 -0.227711 -0.301116 0.155313 0.150554 -1.360895
101 -0.195489 0.202156 -0.299009 -0.590846 -1.230234
940 0.012609 -0.054558 0.236791 -0.845571 -1.127309
781 -0.309633 0.103464 0.144946 -0.671316 -1.001620
580 -0.442313 -0.356045 0.648824 -0.312363 -1.028497
232 -0.768026 0.398035 0.454092 -0.599217 -0.618024
403 0.047316 0.081962 0.029197 -0.662547 -1.174297
250 -0.737565 0.619318 -0.112960 0.063779 -0.882731
496 -0.705029 0.063454 0.288873 0.034444 -0.945163
575 -0.324386 -0.042889 0.882091 -0.446396 -0.785192
489 -0.056242 -0.002549 -0.032273 -0.642216 -1.218322
505 -0.264566 0.021538 -0.066153 -0.054618 -1.229679
249 -0.148269 0.502723 0.261237 -0.173035 -0.830891
10 -0.174274 -0.336563 0.596936 -0.610621 -1.099483
550 -0.302544 -0.109756 0.197556 -0.037084 -1.172834
198 0.024251 0.079932 -0.052109 -0.875978 -1.218027
48 -1.023322 0.889313 0.469746 -0.206247 -0.432870
879 -0.700845 0.160472 0.589879 -0.559795 -0.695584
722 -0.539588 0.474021 0.611795 0.363599 -0.688643
284 -0.262563 -0.000219 0.136756 0.366271 -1.215882
685 -0.520016 0.676788 -0.072181 -0.599084 -0.799301
775 -0.311454 -0.050540 0.138808 0.229571 -1.199826
476 -0.259741 0.031002 0.589729 -0.560984 -0.856183
561 -0.449019 0.014456 0.267626 -0.140084 -1.001954
697 -0.428937 -0.303168 0.978627 -0.750596 -0.831427
542 -0.014263 0.042197 0.581393 -0.017829 -0.996287
30 -0.223851 -0.402078 0.336821 -0.154213 -1.277638
729 -1.085776 0.718174 0.329836 0.378043 -0.635854
61 0.103011 0.372337 0.632683 -0.149091 -0.828481
337 0.619255 0.510139 1.043667 0.250481 -0.969379
59 -0.678402 0.125934 0.087408 0.054796 -1.017728
201 -0.987511 0.639385 0.748735 -0.689273 -0.387996
400 -0.555905 0.666856 -0.090311 -0.432094 -0.828452
259 -1.085051 0.631615 -0.007639 0.071401 -0.787670
150 -0.280302 -0.280150 0.281379 -0.363850 -1.185490
606 -0.012514 0.338395 -0.173084 0.243650 -1.262087
502 -0.678422 0.013151 0.063489 -0.338922 -1.041896
458 -0.359289 -0.157950 0.844850 -0.934118 -0.827056
959 -0.683369 0.549160 -0.000925 -0.282697 -0.817099
651 -0.168889 -0.048858 0.511851 -0.040401 -1.035686
913 -0.906730 0.823916 0.077005 -0.159629 -0.671002
1 -0.828791 -0.033269 0.717548 -0.222205 -0.757645
407 -0.070475 -0.083262 0.445713 -0.381116 -1.074372
704 -0.549201 0.715027 -0.631837 -0.060131 -1.145813
57 -0.245697 0.304419 -0.067074 0.167902 -1.131431
525 -0.066957 -0.304905 0.336809 -0.377484 -1.232189
461 -1.136215 1.022848 0.154446 -0.228279 -0.522101
690 -0.310054 0.025673 0.702138 -0.752699 -0.808246
957 -1.140545 0.058157 0.381413 -0.493884 -0.770901
618 -0.715058 0.218165 -0.249880 0.285109 -1.186472
353 -0.841260 0.502775 0.755346 -0.604532 -0.451533
72 -0.326073 -0.341443 0.616720 -0.519101 -1.049116
640 -1.120296 0.676009 0.549516 -0.436785 -0.442199
950 -0.310477 0.481169 0.085441 0.184673 -0.943537
886 -0.726136 0.126155 0.326771 0.323419 -0.928090
637 -0.678412 -0.012745 0.209049 -0.228117 -0.983040
162 0.074249 0.158633 0.569875 -0.561656 -0.896244
770 0.309606 0.241269 0.122651 -0.653827 -1.134921
194 -0.434251 -0.106819 -0.058184 -0.133644 -1.246569
563 -0.132609 0.498359 0.301102 0.060177 -0.853525
488 -0.765289 0.306416 0.160504 -0.288369 -0.838090
216 -0.633224 -0.216251 1.000033 -0.983573 -0.730254
118 -0.650953 0.208368 0.488805 0.415981 -0.853296
248 -0.881527 0.675295 -0.106561 -0.243296 -0.808629
317 -0.879243 0.295898 1.017567 -0.827993 -0.438519
480 -0.439856 0.376593 0.273826 0.036693 -0.858557
926 -0.811488 0.386286 -0.004625 0.494455 -0.997049
88 -0.456151 -0.308679 1.019119 -0.726438 -0.813972
688 -0.429619 0.259396 -0.294226 -0.733974 -1.110553
474 -0.359442 0.017044 0.286151 -0.046284 -1.034722
396 -0.814885 0.480429 0.687948 -0.266826 -0.521105
712 -0.624197 0.442437 0.367463 -0.015323 -0.721424
576 1.062211 0.971664 0.713229 0.331316 -1.293318
531 -1.028448 0.497972 0.184709 0.135654 -0.759834
348 -0.075725 -0.101482 0.387807 -0.735182 -1.061041
742 -0.138589 -0.130885 0.805838 -0.664123 -0.885657
468 -0.693295 0.013834 -0.192669 0.137841 -1.233307
937 -1.046041 0.677948 0.314896 -0.110999 -0.595626
909 -0.555588 -0.098392 0.087328 0.168595 -1.185193
343 -0.794291 0.643919 0.248387 -0.942104 -0.599964
98 -0.172030 -0.434827 0.667815 -0.144717 -1.168217
797 -0.525394 0.380205 0.669790 0.345970 -0.708585
308 -0.241186 -0.494659 0.549296 -0.468214 -1.193887
733 0.295330 0.117027 -0.057036 -0.819902 -1.285944
941 -0.884176 -0.102361 0.096306 -0.049891 -1.090908
774 -0.744739 0.196270 0.007634 0.228869 -1.040877
691 -0.317555 -0.246169 0.954213 -0.279828 -0.892037
738 -1.148275 0.287049 1.122382 -0.710813 -0.373499
933 -1.056149 0.672619 0.237384 0.110210 -0.662036
681 -0.347828 0.199334 -0.071229 -0.500784 -1.071016
758 -0.237064 -0.343603 0.431312 -0.243000 -1.163286
288 -0.214232 -0.194369 0.345875 -0.594338 -1.107085
494 -0.986028 0.081101 0.050773 -0.003322 -1.007016
706 -0.860745 0.183758 0.528922 0.320252 -0.800263
521 -0.036920 0.151961 0.049998 0.475952 -1.274264
928 -0.837933 0.046827 0.302805 0.379366 -0.996099
339 -0.513745 0.591140 -0.186588 -0.348245 -0.920317
493 -0.795383 0.747854 -0.107572 -0.758384 -0.715822
443 -0.620036 0.363506 -0.081655 -0.306024 -0.960541
602 -0.194250 -0.239764 0.418511 -0.498240 -1.118323
384 -0.986865 0.755079 0.119346 0.363601 -0.739499
689 -0.877996 -0.090921 0.460781 -0.558513 -0.844226
906 -1.129133 0.785358 0.212137 -0.064512 -0.611357
75 -0.355149 0.335936 -0.170951 -0.668915 -1.036246
572 -0.806267 -0.219074 0.234662 0.199073 -1.130260
852 -1.119119 0.345952 0.559404 0.288109 -0.676175
927 -0.557649 0.108953 -0.182105 0.389156 -1.269406
744 -0.838390 0.627815 0.194965 -0.194578 -0.679660
833 -0.942675 0.617855 0.058061 -0.319162 -0.725108
918 -0.924333 0.759818 0.378837 -0.342110 -0.528660
723 -0.813816 0.829947 -0.602480 -0.398368 -0.999119
924 -0.303805 -0.050002 1.024983 -0.237891 -0.757390
954 -0.391755 -0.252763 0.199966 -0.361524 -1.181917
877 -0.313753 -0.200493 0.129005 0.288094 -1.286912
77 -0.806551 0.604163 -0.224076 -0.017718 -0.927630
864 -0.581073 0.100487 -0.140327 -0.046893 -1.148936
362 -0.223669 0.300265 0.246316 -0.976767 -0.858625
953 -0.672347 -0.022403 0.339799 0.066396 -0.977477
429 -0.793010 0.225800 0.541896 -0.592465 -0.663175
610 -1.094775 0.439103 0.232281 0.073600 -0.755398
325 -0.395508 0.344370 0.098121 -0.809086 -0.882710
295 -0.656214 -0.070423 -0.150237 0.368776 -1.308877
538 -0.945862 0.279332 0.673388 0.366649 -0.703677
210 -0.041645 -0.106186 -0.071753 0.275079 -1.433176
811 -0.779223 0.117181 0.532978 0.100477 -0.788680
326 0.038187 -0.185072 0.400509 0.015420 -1.234332
127 0.057231 0.170553 -0.139283 -0.931856 -1.215026
838 -0.120306 -0.123611 0.099942 0.128578 -1.292352
366 -0.187291 -0.253722 0.779719 -0.418248 -0.963597
369 -1.104138 0.294279 0.803440 -0.085709 -0.530626
99 -0.915204 0.162042 -0.004054 -0.191153 -0.975106
44 1.045923 0.900397 0.564875 0.203765 -1.307333
667 -0.928417 0.033852 0.643492 -0.438916 -0.713418
9 -0.803906 0.835311 -0.372998 -0.237934 -0.858058
794 -0.257743 -0.073590 -0.061611 -0.150342 -1.270656
136 -0.846026 0.652181 0.432775 -0.195883 -0.557968
812 -0.345005 0.596972 -0.362269 -0.639480 -1.028255
451 0.874723 0.889188 0.851673 -0.026914 -1.002351
441 -0.643230 0.069115 0.211587 0.143126 -1.011596
586 -0.763433 0.840174 0.003744 -0.631469 -0.645815
912 -0.282641 0.307017 1.202277 0.060200 -0.558841
287 -0.493890 -0.297977 0.952648 -0.443914 -0.844442
252 0.928744 0.946879 1.284193 0.222261 -1.038748
220 -0.075768 -0.201563 0.713077 -0.632992 -0.972404
460 -0.513425 0.463906 -0.326845 -0.270147 -1.061760
251 -1.112917 0.650078 0.449151 0.069693 -0.580021
420 -1.043738 0.927787 -0.114476 0.252463 -0.753336
701 -0.594581 0.043016 -0.070175 -0.096312 -1.162914
399 -0.950407 0.164477 0.811485 -0.715055 -0.569760
301 -0.633342 0.289324 0.190453 -0.487194 -0.835503
847 0.096873 -0.288404 0.412415 -0.303082 -1.263679
813 0.244362 0.008228 0.134780 -0.644705 -1.226336
430 0.119058 -0.313975 0.620459 -0.400560 -1.162011
231 -0.847266 0.753785 0.071697 0.062175 -0.734108
936 -0.294592 0.292565 -0.366910 -0.390754 -1.207416
192 -0.877387 0.109316 0.806525 -0.664263 -0.593709
188 -1.006225 0.381930 0.095065 0.188729 -0.878095
351 -0.706714 0.270382 0.881168 -0.761063 -0.505798
884 -0.415453 0.477789 -0.141028 -0.214775 -0.989029
624 -1.100101 0.380013 0.948373 0.032403 -0.473906
703 -1.084557 0.724336 0.359224 -0.254853 -0.535660
90 -0.987500 0.915227 -0.355985 -0.587191 -0.797561
382 -1.193616 0.917312 0.010784 0.301010 -0.680080
585 -0.576707 -0.068909 -0.332698 0.150156 -1.407136
534 -1.156477 0.978346 0.335987 -0.087534 -0.458361
604 -1.239215 0.991242 -0.048802 0.056397 -0.641476
296 -1.193539 0.891064 0.336952 -0.332365 -0.471929
682 -0.933516 0.665255 0.365248 0.105201 -0.629021
539 0.144138 0.165044 -0.108709 -1.043478 -1.217500
615 -1.101432 0.237695 0.994949 -0.728121 -0.430835
377 -0.597884 -0.036731 0.998185 -1.086680 -0.658927
796 -0.460888 0.483329 -0.160967 -0.482097 -0.957164
426 -0.338828 -0.168557 0.474025 0.007432 -1.087066
172 -0.599764 -0.363703 0.872891 -0.998756 -0.864785
113 -0.907890 0.755432 -0.486077 0.029036 -0.999997
398 0.065883 -0.021444 -0.085952 -0.567379 -1.302850
595 -0.628186 0.590591 -0.043372 -0.577842 -0.818204
2 -0.208451 -0.354302 0.792863 -0.092024 -1.043713
364 -0.322711 -0.308559 0.708287 -0.733985 -0.975868
166 -0.495704 0.137893 -0.433551 -0.145153 -1.315939
423 -0.132449 -0.225667 0.257963 -0.149659 -1.239153
39 -0.678540 0.196296 0.530066 -0.252055 -0.741650
381 -0.514260 -0.463431 0.794567 -0.842267 -0.976525
25 -0.417274 -0.155143 0.756848 -0.319369 -0.892124
632 -0.690068 1.142804 -0.252406 -0.306824 -0.724934
466 -0.412542 0.055099 0.510740 -0.083103 -0.901538
841 -0.951244 0.718875 0.815943 -0.776925 -0.331139
71 -1.034651 0.712061 0.109397 -0.346298 -0.650665
516 -0.377256 -0.106336 -0.318920 0.416335 -1.517426
578 -1.144753 -0.029269 0.035166 -0.004290 -1.054837
67 -0.695229 0.865558 -0.249351 -1.009965 -0.766304
739 -1.074901 0.551281 1.102216 -0.689967 -0.305748
157 -0.788009 0.484362 -0.283205 -0.139715 -1.000044
388 -0.523920 0.229461 0.332029 -1.002194 -0.791971
327 -0.664283 -0.182352 -0.187438 0.053323 -1.352181
930 -0.750627 0.362159 0.235116 -0.584962 -0.757107
408 -0.829743 -0.053544 0.207582 -0.044959 -1.008470
898 -0.004171 -0.393928 0.669825 0.002723 -1.216887
824 0.244526 0.235992 -0.075914 -1.089928 -1.192033
143 -1.100097 0.516070 0.134352 0.322962 -0.812273
687 -0.185619 -0.064446 0.330995 -0.099110 -1.107658
765 0.997106 1.433219 0.904126 0.250692 -1.064705
720 -0.608573 0.258336 -0.517363 0.260362 -1.354793
854 -0.328839 -0.603727 0.368800 -0.017015 -1.383734
406 -0.951652 0.716041 0.408258 -0.552569 -0.494168
16 -0.137136 -0.484659 0.814516 -0.407417 -1.131797
439 -0.437250 -0.084474 0.593790 0.018443 -0.932698
863 -1.067402 0.915465 0.266934 0.075516 -0.566929
960 -0.188897 0.009773 -0.248919 0.267888 -1.412406
471 -0.389297 -0.187875 0.058746 0.121819 -1.283915
45 -1.057073 0.836498 0.182864 -0.000733 -0.623746
518 -0.033356 -0.134996 0.000925 -0.285381 -1.335172
121 -0.272035 -0.173633 0.509469 0.067864 -1.084514
40 -0.290279 -0.142195 0.102107 0.007723 -1.235345
243 -0.055671 -0.228052 0.514091 0.003299 -1.150594
324 -0.343914 -0.355368 0.555296 -0.051218 -1.129274
199 -0.172610 -0.419341 0.550171 -0.545076 -1.171289
17 -0.497336 -0.148313 1.103983 -0.357595 -0.723898
552 -0.257566 0.100009 0.433788 -0.680299 -0.876187
751 1.091202 1.098931 0.905740 -0.206915 -1.065276
842 0.491572 0.952802 1.368072 0.566953 -0.775911
73 0.350017 -0.012149 0.065706 -0.845311 -1.323946
464 -0.225473 -0.395135 -0.009714 0.123692 -1.491054
105 -0.567837 0.022021 1.104825 -0.978397 -0.583627
752 -0.978430 0.222315 0.958072 -0.393310 -0.499018
686 -0.833938 0.927672 -0.360659 0.136278 -0.896600
508 -0.283683 -0.003554 0.699491 -0.788696 -0.816744
183 -0.257238 -0.263100 -0.016049 -0.006230 -1.375187
424 -0.170275 -0.171567 0.299062 -0.591173 -1.105915
138 0.702008 0.910051 1.304458 0.235800 -0.872021
226 -1.052267 0.236623 0.511714 0.317505 -0.772016
601 -0.989045 0.606009 -0.062783 0.305714 -0.879811
11 0.849414 0.953009 1.029748 0.691799 -1.175019
874 -0.879679 0.210148 0.433710 0.071572 -0.777923
164 -0.445097 0.179500 -0.066344 -0.592053 -1.026322
962 -1.010230 0.966700 0.213585 -0.092624 -0.550341
589 -0.991570 0.317920 0.344945 -0.572531 -0.680959
670 -1.174467 0.043369 0.627365 -0.923874 -0.660414
208 0.904906 0.888694 1.335168 -0.018288 -0.923489
603 -1.135361 0.497444 0.027448 0.078773 -0.808242
655 0.367626 0.299485 0.065085 -0.108703 -1.217294
740 -0.836458 0.573577 0.035538 -0.322661 -0.784479
905 -0.233336 0.043255 0.512260 0.074627 -0.977114
18 -0.845723 1.056417 -0.313035 -0.332815 -0.755176
257 -0.281001 -0.162462 0.349777 0.112553 -1.151131
470 -1.038387 0.320401 0.191060 0.350284 -0.866055
336 0.044648 -0.351103 0.531164 -0.734195 -1.195116
616 -0.560997 0.947930 -0.708123 -0.096507 -1.097900
876 -0.124590 -0.283101 0.305683 -0.121617 -1.271322
5 0.446500 0.409652 0.640187 0.940221 -1.291964
85 -0.337033 -0.131027 0.932377 -0.752057 -0.786449
845 -1.051956 -0.128147 0.512137 -0.787714 -0.801242
332 -0.237629 -0.265993 0.677020 -0.058465 -1.061484
659 -0.246931 0.151902 0.281453 -0.728470 -0.923688
196 -0.729425 0.686442 -0.239059 0.066213 -0.920448
935 -1.021386 0.129727 0.037535 0.052355 -1.000506
556 -0.572454 0.691542 -0.541104 -0.084790 -1.110900
434 -0.424707 -0.031446 0.071182 0.071401 -1.153694
126 -1.075218 0.566030 0.145419 0.029466 -0.715162
757 0.157482 -0.249120 0.192296 -0.517593 -1.326844
452 -0.783181 -0.029259 0.308151 0.274236 -0.996909
532 0.893317 0.788225 1.057508 0.606426 -1.262236
47 -0.544716 0.001242 0.051042 0.011251 -1.109874
371 -0.453205 0.160702 1.388775 -0.933354 -0.444593
530 -1.185672 0.806722 0.395014 -0.585136 -0.444898
455 -0.331393 -0.525402 0.762567 -0.571495 -1.097412
244 -0.308149 -0.150379 0.799602 -0.478662 -0.875556
191 -0.400549 -0.225667 1.204539 -0.627042 -0.714110
753 -0.675308 0.061126 -0.461732 0.498245 -1.444162
7 0.463268 0.846032 1.228164 0.532743 -0.805225
139 -0.478652 0.145962 -0.068843 0.274358 -1.180372
472 -0.664480 0.125806 0.450517 0.335491 -0.919569
786 -1.078044 1.007451 0.255197 -0.260511 -0.480767
934 0.829231 0.783154 1.092409 0.387720 -1.078757
522 -0.363791 0.134130 0.024888 -0.074680 -1.080664
411 -0.637800 -0.122060 0.255315 0.540048 -1.172470
374 -1.044024 1.084503 0.267439 -0.452328 -0.425584
182 0.026009 0.206792 -0.042557 0.232634 -1.235453
56 -0.662012 0.509969 -0.487514 -0.139987 -1.138266
114 -0.070651 -0.185136 0.572192 -0.065190 -1.124521
379 -0.050527 -0.158155 0.607007 -0.159725 -1.050128
475 -0.833136 0.905354 0.126030 -0.322772 -0.587059
46 -1.013319 1.019668 0.228291 -0.052270 -0.519249
141 -0.063356 -0.112068 0.080568 0.346822 -1.363143
176 -0.351557 0.191717 -0.317262 -0.223076 -1.227229
307 -0.978330 1.161011 -0.132240 -0.550239 -0.592674
82 0.325298 0.218683 0.388878 -0.863562 -1.016196
390 -0.133713 0.207327 0.414010 0.529721 -1.051145
867 -0.924672 -0.085684 -0.003841 -0.418410 -1.083727
438 -0.969645 0.658739 0.416151 -0.310718 -0.528325
821 -0.910673 0.434272 0.638500 0.255776 -0.624319
915 -0.243544 -0.431770 0.442077 -0.262859 -1.238329
179 0.903904 1.508354 0.881443 -0.037700 -0.885938
285 -0.936176 0.614925 0.679002 -0.565181 -0.429590
620 -1.063134 1.104182 -0.335748 0.009743 -0.786580
761 -0.985212 0.859358 0.938020 -0.514899 -0.231649
354 -0.170690 -0.451616 -0.171623 0.165143 -1.634028
777 -1.255820 0.786765 1.102450 -0.984842 -0.189809
60 -0.739498 0.025410 0.266504 -0.800727 -0.885309
715 -1.235746 0.951553 0.136542 -0.024840 -0.583404
444 -0.889229 0.925723 -0.039038 -0.461442 -0.663185
418 -0.185103 -0.051300 0.390937 -0.175010 -1.060523
647 -0.715053 0.255986 0.199021 -0.158815 -0.874751
467 0.854766 0.917642 0.458240 1.016895 -1.537160
631 -0.955700 0.767285 0.077413 -0.640366 -0.620084
276 -1.146965 1.144809 -0.047570 -0.508444 -0.561263
851 -0.869261 -0.019754 0.979023 -0.722305 -0.621100
900 1.028876 1.046111 1.330144 0.157815 -1.033944
769 -1.128773 0.953334 0.220311 0.128577 -0.569734
432 -0.869753 0.657909 0.113706 -0.233365 -0.699134
719 -1.049529 0.605000 0.874666 -0.639174 -0.351014
112 -1.078046 0.338640 0.365049 -0.722102 -0.642426
131 -1.102348 1.051992 0.465216 -0.742004 -0.324816
676 -0.663871 0.542264 -0.295443 -0.252779 -0.997574
49 -1.012006 0.604130 0.082672 0.076227 -0.771153
948 -0.379507 -0.280185 0.245413 -0.850698 -1.125974
320 -0.606705 -0.003164 0.448156 0.725702 -1.051507
955 -0.118690 -0.343816 0.282773 -0.094161 -1.308457
846 0.923645 0.710914 0.497084 0.871428 -1.530892
699 -0.369650 -0.533230 0.480317 -0.683773 -1.189053
110 0.856770 0.345816 1.200628 0.701878 -1.326918
731 -0.334794 -0.080364 1.422809 -0.708397 -0.608725
734 -0.884839 0.136742 -0.076116 0.394152 -1.133813
177 -1.166320 1.115844 0.137361 0.095377 -0.551170
713 -0.537198 0.160544 -0.429786 -0.066675 -1.314388
517 -0.895183 0.460929 0.458936 -0.344411 -0.614185
582 -1.170363 0.601281 0.343910 0.104039 -0.626345
35 0.061544 0.067891 0.399643 0.097767 -1.095591
853 -0.988665 0.415762 0.608718 0.561576 -0.681714
785 -0.764518 0.623437 -0.570525 0.060980 -1.144408
951 -0.302846 0.124384 0.017379 -0.985309 -1.038381
340 -1.078405 0.383877 0.501486 0.190565 -0.661982
668 -0.949235 0.805118 -0.133951 -0.237362 -0.760904
34 0.811969 0.825167 0.511673 0.858507 -1.410041
880 -0.714948 0.375818 -0.358464 -0.319263 -1.088418
773 0.058935 -0.237514 -0.034814 -0.201564 -1.447721
116 -0.180190 0.553808 -0.153290 0.693738 -1.199221
104 1.074422 1.456658 0.854147 0.044910 -1.090307
869 0.041980 0.253407 -0.354868 -1.013389 -1.295449
916 -0.493475 -0.138088 0.691163 -0.293519 -0.869393
726 1.083204 1.066146 0.786037 0.258929 -1.220279
115 0.192739 -0.443961 0.145218 -0.232320 -1.531291
554 -0.038331 0.202295 0.419560 -0.590827 -0.902884
319 0.211194 0.194987 0.099050 -0.213867 -1.193447
737 -0.629617 -0.286258 0.359581 -0.509459 -1.060890
755 1.188240 1.120335 0.818080 -0.394032 -1.145134
607 -0.887008 0.665543 0.218579 -0.992398 -0.589943
393 -0.386912 -0.408195 0.359891 -0.791169 -1.141856
156 -0.102337 -0.294888 0.978655 -0.684155 -0.938061
919 -0.237003 -0.061717 0.426652 -0.307168 -1.037706
904 -0.299352 -0.268153 -0.130065 0.223489 -1.480399
791 -0.864469 0.687975 -0.110295 -0.523808 -0.743637
612 -0.973194 0.693378 -0.217256 -0.397297 -0.837044
848 -0.587842 0.231799 0.992847 0.193552 -0.632661
237 -0.676892 0.342184 -0.331955 0.313960 -1.191596
571 -0.941945 0.596425 0.102091 -0.909653 -0.650826
599 -0.260085 -0.267929 0.796336 -0.339396 -0.967335
168 -0.318816 -0.240622 0.176510 -0.104187 -1.229092
929 -0.131167 -0.351251 0.331302 -0.328650 -1.259149
920 -0.660162 -0.161202 0.232679 0.190138 -1.131766
63 -0.432559 -0.535258 1.048589 -0.701052 -0.948722
95 -0.537657 0.165071 1.535062 -0.776841 -0.390885
648 -0.542208 0.816743 -0.471105 -0.357876 -0.971147
728 1.113045 0.957030 0.308978 -0.464337 -1.237756
186 -0.877487 1.078723 -0.181945 -0.181111 -0.691327
225 1.052176 1.270234 0.659423 0.288420 -1.225527
79 -0.722637 0.394530 1.152246 0.003503 -0.432515
279 -0.149367 -0.539775 1.601860 -0.282633 -0.894979
635 -0.131820 -0.230474 0.003229 -0.465072 -1.327426
448 -0.776039 0.921425 -0.398508 -0.223252 -0.874944
875 0.085229 0.783579 -0.011629 0.808073 -1.159288
498 -0.691979 0.587045 0.196188 -0.478494 -0.704668
832 -0.849920 0.722166 -0.023390 -0.112495 -0.775391
510 -0.741839 -0.118157 0.133502 0.063164 -1.123496
367 0.777718 0.912956 0.487444 0.740522 -1.348830
504 0.096293 -0.179875 0.141297 -0.289213 -1.341329
614 -0.752424 -0.058214 0.669286 -0.114758 -0.817639
87 -0.634787 1.078032 -0.296606 -0.198226 -0.794818
540 -0.980509 0.842424 -0.144587 -0.038358 -0.764897
22 -0.332213 0.800077 -0.248885 -0.808268 -0.862701
273 -0.546703 0.046127 0.549811 0.071381 -0.860926
109 -0.231123 -0.348572 1.812954 -0.237248 -0.702304
331 -0.583283 0.069757 -0.175696 0.047772 -1.209007
274 -0.485256 -0.104851 -0.076528 -0.421750 -1.216382
836 -0.276076 0.063411 0.442714 -0.591572 -0.902483
190 -1.185181 0.948784 1.065142 -0.614526 -0.154284
151 -0.563005 1.144383 -0.533223 -1.177760 -0.842077
711 -0.544823 -0.104052 0.023401 0.136041 -1.249724
861 -0.942851 0.784636 0.199812 -0.109283 -0.621243
334 -0.442435 -0.422744 0.516117 -0.858891 -1.100699
543 -0.509850 -0.106193 0.151982 -0.119090 -1.116900
762 -0.334227 -0.141123 -0.023307 0.224366 -1.336757
357 -0.351080 -0.049273 0.333275 0.547688 -1.175119
50 -1.143913 0.788221 0.874551 -0.831119 -0.266938
359 0.089305 0.188994 0.172451 -0.750090 -1.057532
391 -0.543999 0.724421 -0.168730 -0.953150 -0.800907
323 -0.306857 0.506463 -0.123781 -0.687774 -0.923150
743 1.062340 1.217630 0.737806 0.386647 -1.278589
894 -0.875228 0.257624 -0.155100 -0.265127 -1.011240
239 -0.183136 -0.497908 -0.054441 0.068159 -1.590312
142 -1.012648 0.563098 0.118509 0.229653 -0.793041
780 0.412212 0.892631 1.302102 0.318233 -0.670219
345 0.227093 -0.323922 0.546125 -0.483617 -1.248883
809 -0.814782 0.541846 0.692990 0.477314 -0.598327
55 -0.999765 0.568577 -0.024790 -0.183014 -0.789547
54 0.000540 -0.146023 0.469739 -0.669824 -1.091658
437 -1.376031 0.827489 0.577518 0.100355 -0.448091
144 -0.733518 0.123004 0.257361 0.353742 -0.987776
896 -0.084518 -0.124733 0.546405 0.768824 -1.256492
68 -1.283405 0.869715 0.280813 -0.761911 -0.467630
865 -0.826594 0.102754 0.041417 0.475923 -1.110209
642 -0.789311 0.500817 -0.507680 -0.615164 -1.081871
490 0.709155 0.560660 1.265691 0.308296 -1.001158
804 -0.010323 -0.461080 0.756400 -0.025624 -1.204822
457 0.940288 0.906548 0.565376 -0.156637 -1.135005
234 -0.032192 0.072796 -0.244971 -0.609406 -1.305367
714 0.153774 -0.086633 0.055982 -0.981989 -1.280295
283 0.601202 1.050577 1.369260 0.274806 -0.732713
385 -0.460592 -0.296821 0.743127 -0.523612 -0.934901
519 -1.089769 -0.112313 0.485141 -0.382088 -0.806140
527 0.549747 0.606041 1.511505 0.590529 -0.904167
174 0.688193 0.839730 1.463076 0.315351 -0.840209
594 -0.616880 -0.119671 -0.208639 0.188526 -1.332483
53 -0.390551 0.102463 0.059821 -0.346245 -1.055373
171 1.014771 1.471505 0.719811 0.338719 -1.124459
608 1.055899 1.234184 0.698204 0.718808 -1.402985
922 -0.599048 0.747169 -0.631019 -0.568025 -1.099632
286 -0.742786 0.494147 -0.273331 0.009053 -1.027345
855 0.941221 0.982271 1.199613 0.204975 -1.012095
205 1.410600 1.030209 0.665922 -0.531966 -1.358845
266 -1.221777 0.340368 0.162734 -0.744812 -0.724437
674 -0.456252 1.083509 -0.561126 -1.092252 -0.887702
626 0.953963 1.226841 0.981546 0.165260 -1.010959
290 -0.095744 -0.249745 0.909512 -0.657559 -0.948818
903 -0.388848 1.031097 -0.312234 -1.296671 -0.778351
228 -0.455430 -0.637282 0.737468 -0.570471 -1.148668
428 0.511633 0.569713 0.966100 1.332822 -1.364198
148 0.689147 0.692732 1.362183 0.556873 -1.003946
952 1.034360 1.121143 1.043397 0.619739 -1.323217
868 -0.989263 0.916893 -0.475479 0.189666 -0.967514
137 -1.271960 1.208213 0.903856 -0.455586 -0.130561
26 -1.210180 0.601830 0.636375 -0.634332 -0.412545
365 0.846578 0.935721 1.484312 0.377008 -0.979199
422 -1.061198 1.117541 0.052479 -0.306273 -0.526842
541 -0.153514 -0.247136 1.153641 0.479648 -0.997061
636 0.984156 0.751303 0.531204 0.568287 -1.470434
524 -0.696325 0.322178 0.214665 0.028676 -0.869425
652 -0.293076 -0.214532 1.144508 -0.544432 -0.800342
417 -0.706601 0.001130 -0.130254 0.510158 -1.305961
233 0.119711 -0.153756 -0.364857 0.351870 -1.700517
822 0.737849 0.811031 0.852999 1.222750 -1.424336
322 -0.346089 0.286689 0.190074 -0.148249 -0.926894
613 -0.420009 0.960207 -0.232078 -0.939768 -0.764981
512 -0.016713 0.550145 -0.206943 -0.359002 -1.063329
89 -0.793107 0.870821 0.186527 -0.135664 -0.594357
545 0.894841 0.997496 1.595473 0.409792 -1.016329
537 -1.066159 0.921755 0.210744 -0.467176 -0.503633
944 -0.003991 -0.030105 0.597882 -0.543764 -0.959932
223 -1.166167 0.530439 0.322666 -0.245460 -0.619989
481 -1.313551 0.919270 0.375375 0.080928 -0.485804
102 0.422758 0.906770 1.652350 0.281083 -0.599497
825 -0.300195 -0.141821 0.996186 -0.540655 -0.814269
843 -0.400055 0.639746 -0.459332 -0.444155 -1.080880
445 -0.914000 0.084334 0.738873 0.334517 -0.755782
247 0.007614 0.054603 0.209856 -0.472279 -1.098692
96 -1.163343 -0.165147 0.123591 -0.313656 -1.018387
756 -0.518781 0.080230 1.160788 -1.080089 -0.561841
282 -1.031289 0.669983 0.344852 0.125352 -0.630753
818 0.019038 -0.185009 0.430713 0.249110 -1.253555
528 -0.665889 0.138872 -0.314174 0.463594 -1.317466
536 -0.867775 0.628404 -0.315879 0.277063 -1.035125
799 -1.208933 0.749352 0.766835 -0.628706 -0.319547
484 -0.660477 0.002426 0.151983 -0.302138 -1.014143
28 1.022170 0.721134 0.645406 0.793076 -1.524719
664 -0.453567 0.756740 -0.503848 -0.198916 -1.054495
802 -0.491732 0.238534 0.204345 -0.452254 -0.867080
725 0.978894 0.671055 0.669197 -0.082112 -1.211705
158 1.087989 1.176391 0.774725 -0.402557 -1.017691
81 -0.314343 -0.276168 0.315984 -0.417613 -1.164154
76 -0.086707 -0.205915 -0.092124 0.669866 -1.592215
91 -0.426635 -0.592609 0.935327 -0.456124 -1.053087
611 -0.987451 -0.298119 0.713189 -0.069785 -0.870128
829 0.859300 0.558926 1.462390 0.333521 -1.111153
209 -0.137747 0.070056 -0.082249 -0.509686 -1.192431
597 -1.073595 -0.093519 0.101644 0.207642 -1.090065
949 -0.290752 -0.695463 0.808284 -0.801741 -1.184072
258 1.371286 1.089578 0.713218 -0.137393 -1.404847
849 -0.516926 -0.290073 0.952337 -0.585638 -0.840000
557 -0.735391 1.297096 -0.521962 -0.528852 -0.771962
581 -0.703893 1.180634 -0.662314 -1.026693 -0.906238
119 0.709967 1.103342 0.414988 0.993044 -1.383990
36 -0.213404 -0.460053 -0.238072 0.311092 -1.728299
815 -0.068289 -0.177065 -0.375220 0.372504 -1.687181
65 -0.799197 0.069041 0.212403 -0.088823 -0.954458
823 -0.534776 0.228213 -0.097866 -0.143769 -1.069223
945 -0.400259 -0.095468 0.719934 -0.756030 -0.812199
370 0.786029 0.747483 0.868122 0.404197 -1.130295
587 -0.922441 0.803860 -0.380198 -0.367900 -0.883883
788 -0.811389 0.772149 -0.130917 -0.539535 -0.750351
386 -0.886065 0.251609 -0.220946 0.491526 -1.165873
639 -1.032433 0.783131 0.153243 -0.234990 -0.603110
882 -1.150761 0.788060 0.975331 -0.723346 -0.236760
338 0.803127 0.532879 0.807597 1.278527 -1.687184
596 -1.127668 1.200276 0.148268 -0.306860 -0.460466
454 0.917545 1.258737 0.813265 0.103314 -1.027495
593 -0.084878 0.318970 -0.041814 -1.056346 -1.030974
708 -0.425419 0.840695 -0.224252 -0.681941 -0.826527
227 -0.552956 -0.278162 0.534053 0.096527 -1.077407
278 -0.757605 0.989967 -0.233694 -0.582015 -0.720415
858 -0.896033 0.022931 0.096014 0.407547 -1.086464
735 1.097305 1.516402 0.705390 0.174389 -1.168027
883 0.108319 -0.017988 0.819868 -0.370869 -0.912277
169 -0.319757 -0.067199 -0.243634 0.033177 -1.405540
523 -0.878896 0.973729 0.187477 0.356820 -0.625560
217 -1.002428 1.241292 0.259150 -0.074431 -0.447002
600 -1.286579 0.974856 -0.042979 0.260103 -0.723457
789 0.113941 0.871739 -0.148780 0.683683 -1.196757
130 -1.082867 0.342849 1.222173 -0.692544 -0.315556
383 1.190292 1.184299 1.184096 -0.442697 -0.998562
31 -0.887006 0.408156 -0.263412 0.598031 -1.160307
32 -0.098906 -0.353381 0.366687 -0.291226 -1.269842
74 -1.268276 0.365242 0.987520 -0.564237 -0.393304
693 -1.027372 0.525991 0.349518 -0.503872 -0.605926
153 -0.864937 0.779627 0.079111 -0.257958 -0.654307
245 -0.072043 -0.447460 0.197936 -0.288337 -1.397115
857 -0.571392 0.180063 0.477376 -0.471888 -0.767741
189 -0.014535 -0.344861 0.487331 -0.893917 -1.180081
871 -1.126239 0.581343 -0.076387 -0.731188 -0.743657
450 -0.726128 1.238649 -0.541038 -0.130425 -0.877731
807 -1.337526 0.415136 0.572741 0.612460 -0.690589
698 -0.692092 -0.011443 0.950844 0.181841 -0.746510
376 -1.030696 0.753065 -0.046942 0.129228 -0.785019
446 -0.046588 -0.140095 0.550420 0.081032 -1.132446
310 0.704373 0.560880 1.221351 0.490494 -1.114888
535 0.615874 0.543563 0.799820 1.553193 -1.719748
483 -0.059338 -0.405783 0.034493 -0.316556 -1.475815
165 -0.967023 0.192333 -0.296183 -0.832619 -1.052944
499 0.862573 0.877945 1.084223 0.625774 -1.198688
241 -0.435393 -0.463389 1.110825 -0.501163 -0.906699
242 0.486236 0.240203 0.674702 1.441482 -1.672853
515 -0.899691 -0.126744 1.373035 -0.773511 -0.507937
678 -0.732916 0.709211 -0.141420 -0.477481 -0.788918
435 -1.151567 -0.107276 0.550460 -0.425810 -0.778858
683 0.212438 0.815077 0.795553 1.237398 -1.060087
235 0.750719 1.285005 0.736622 0.174416 -0.890872
304 -0.984947 0.638972 0.060100 -0.125471 -0.699238
83 0.746066 0.597988 0.681993 1.236006 -1.649940
673 -1.243986 0.729469 0.806771 -0.422543 -0.312878
566 -0.533552 0.081534 0.215421 -0.818380 -0.928837
129 -0.796042 0.705652 -0.323689 -0.188441 -0.916884
78 0.957880 0.718541 1.377231 0.505288 -1.187173
763 0.623188 0.531639 0.765119 1.559863 -1.670088
482 -0.331259 -0.296170 1.031075 -0.216606 -0.888536
750 0.903770 1.364122 0.670995 0.002376 -0.946686
394 0.831121 1.223577 0.558247 0.099788 -1.021185
826 -1.063553 1.256983 -0.152538 -0.072595 -0.615864
352 -1.130625 -0.384502 0.265156 -0.324900 -1.074681
335 0.807967 1.232454 1.446591 0.061787 -0.785993
412 1.060022 1.149495 1.526005 0.249637 -1.017679
487 0.908165 0.758469 1.095948 -0.050626 -1.033065
946 1.095772 1.288849 0.853813 0.320653 -1.233519
584 1.074334 1.163010 0.996465 0.458485 -1.201837
70 -1.292740 0.269930 0.804525 -0.018327 -0.539591
887 -0.888145 0.134371 0.804497 -0.213905 -0.635574
360 -1.139113 0.843166 1.174594 -0.922927 -0.155641
692 0.836103 0.635650 1.062234 0.436008 -1.168058
662 0.930087 0.570788 1.211273 0.142668 -1.132019
106 -1.394353 0.102130 0.532142 -0.475832 -0.662399
38 0.674424 0.826316 1.547093 0.420779 -0.889067
947 -0.910409 -0.283343 0.026422 -0.602033 -1.155619
473 -0.586694 -0.358988 1.760592 -0.553969 -0.614079
212 0.128687 -0.295878 0.454686 -0.778607 -1.224987
66 1.002294 1.104543 0.621158 -0.100405 -1.085581
901 -1.118346 -0.176604 0.095952 0.600413 -1.202950
694 -0.986228 0.259928 0.457912 -0.275830 -0.690575
356 -0.153865 0.428172 -0.051495 -0.917388 -0.969998
463 0.842878 1.049734 1.220420 0.061813 -0.871110
207 -0.541243 -0.555168 1.243692 -0.864594 -0.863675
8 -0.490981 0.969045 0.103955 -0.002567 -0.669443
152 1.001550 0.949355 1.142014 0.553564 -1.237100
440 -0.919560 0.840420 -0.413245 -0.313898 -0.882897
13 -0.540209 0.554210 -0.430407 -0.934883 -0.979791
140 -0.924690 0.414409 0.107181 0.542367 -0.906525
705 0.785063 0.895944 1.553972 0.125695 -0.825966
917 1.522302 0.917258 0.934945 -0.743163 -1.406585
6 -0.146481 -0.204828 0.152102 -0.569472 -1.216697
111 -0.890338 0.204707 -0.178275 0.417970 -1.154089
465 0.765797 0.823340 1.143000 -0.097203 -0.837736
609 0.895729 1.191008 0.996673 0.380196 -1.047818
361 1.450705 1.055886 0.903403 -0.587480 -1.303183
409 0.872878 0.914221 1.524973 0.056813 -0.884594
107 -0.861059 1.118494 -0.156743 -0.522564 -0.640366
569 0.258959 0.409715 1.684235 0.260595 -0.670201
591 -1.105942 0.197491 0.551251 0.169040 -0.721661
94 -0.840467 0.954015 0.279328 -0.364239 -0.487621
500 0.975535 1.024807 1.358936 0.644572 -1.202756
262 -0.854257 1.144767 0.374791 -0.156868 -0.406029
277 -1.168690 -0.270013 0.162397 -0.510890 -1.059121
200 -1.003901 1.100198 -0.375983 0.078281 -0.814093
173 -1.112543 0.972854 -0.082414 -0.721348 -0.613840
790 -0.669273 1.042775 -0.685903 -0.675408 -0.964348
93 -0.951952 0.443205 1.054418 -0.843388 -0.359180
638 0.717606 0.729378 1.522496 -0.077443 -0.766921
341 0.273906 0.125940 -0.003074 -1.253343 -1.234406
305 1.399652 0.946153 1.044818 -0.559332 -1.302313
363 -1.015577 1.306541 -0.093625 -0.244679 -0.572682
828 0.690265 0.811087 1.398416 0.351034 -0.908945
433 0.033090 -0.380379 0.192318 -0.441244 -1.368978
559 -0.879132 1.317843 0.104961 -0.498691 -0.424319
700 -0.385047 -0.138612 0.306804 -0.254596 -1.064928
402 -1.075159 -0.361418 0.231221 -0.650081 -1.044072
666 -0.837278 0.599490 0.239590 -0.793454 -0.628412
771 1.015610 0.798449 0.964024 0.403829 -1.282821
269 0.946125 0.679883 1.218511 0.407950 -1.181073
741 -0.606258 -0.395581 1.742674 -0.660116 -0.640066
568 -1.135360 0.507533 0.929149 -0.769646 -0.343889
721 -0.574911 1.660200 -0.461780 -0.895815 -0.651748
23 -0.888254 1.244236 -0.465652 -0.102072 -0.813158
570 -0.110603 -0.567758 0.603872 -0.874053 -1.236803
202 -0.630837 -0.167109 0.392517 0.829994 -1.194503
240 0.944411 1.553693 0.523942 0.184338 -1.077924
630 -0.213597 -0.363924 0.977268 -0.067049 -0.998053
125 0.941158 1.432276 0.786414 0.003516 -0.979701
583 -1.253322 0.859556 -0.129115 -0.149773 -0.729355
634 1.018944 1.117470 1.266918 0.467175 -1.172331
923 0.938504 1.107923 1.000813 0.474827 -1.111086
469 -1.430821 1.123280 0.696707 -0.149648 -0.265448
389 -1.532524 -0.033807 0.610279 -0.895308 -0.681169
767 -1.025017 0.556200 -0.164349 -0.164236 -0.874113
491 -0.540207 0.542803 -0.410540 -0.677893 -1.038682
497 -0.771254 1.343590 -0.166169 -0.274377 -0.601158
292 1.079845 1.152395 0.433268 -0.102066 -1.229544
175 0.482456 0.532761 0.929510 1.732225 -1.708302
197 1.036670 0.835933 1.285440 0.709687 -1.349889
330 1.539838 1.267999 0.875409 -0.582252 -1.361933
660 -0.448013 -0.527823 0.142395 -0.485327 -1.358973
15 -0.929813 0.810105 0.432870 0.241975 -0.570429
120 1.051775 1.187147 0.462663 -0.113290 -1.176002
590 -1.236351 1.306609 0.223106 -0.601146 -0.376797
872 -0.959567 0.129882 0.122249 0.448673 -1.055760
717 0.959196 0.672104 0.251088 0.731734 -1.646908
395 -1.072307 0.873657 0.117094 0.246420 -0.680300
749 -0.837874 0.780311 -0.507002 -0.515183 -0.964447
180 0.874373 1.116396 0.585719 1.143599 -1.519119
819 -1.206258 0.978174 -0.144216 0.619620 -0.848612
387 -0.928357 0.228007 0.539524 0.554490 -0.797680
333 -0.229956 0.808377 0.322690 -0.626743 -0.613169
178 0.858040 1.392668 1.007504 0.011292 -0.840852
914 1.150388 1.480785 0.703193 0.051916 -1.221533
567 -1.126287 1.042214 0.022534 -0.254471 -0.580489
297 0.284884 0.441376 0.616068 1.670542 -1.622431
108 -0.606362 1.332088 -0.643271 -1.220002 -0.843236
549 0.586903 0.663143 1.370265 0.940426 -1.153328
772 1.042334 1.233245 0.768242 0.287631 -1.218580
544 0.602286 0.295180 -0.188956 -0.291757 -1.451689
211 -0.085226 -0.328391 0.711415 0.082349 -1.148567
167 0.871820 0.961835 1.655198 0.366534 -0.937467
221 0.617276 0.937246 0.516774 0.999259 -1.317252
21 1.044928 1.019496 0.925765 0.824473 -1.415035
547 0.791354 0.403758 0.805611 0.038018 -1.125164
605 -1.083716 0.406308 -0.051044 0.519965 -0.973073
625 1.275527 1.369368 0.677736 0.275185 -1.414793
800 1.028619 1.341112 1.034060 0.227096 -1.113876
372 0.777557 0.798033 1.062041 0.421584 -1.063480
415 0.366495 -0.363510 0.308991 -0.352259 -1.453459
20 1.002334 0.615148 1.203824 -0.180130 -1.109318
41 0.784661 0.912164 1.021443 1.364705 -1.491985
4 0.423818 0.851017 0.471430 1.193558 -1.328481
478 1.047037 1.018266 1.095003 0.621675 -1.302156
956 -1.206205 0.973005 0.689678 0.200932 -0.352940
629 -0.425884 -0.571009 0.951227 -0.523689 -1.051612
885 0.782031 0.520096 1.309396 0.156145 -0.992169
254 -1.038780 0.721366 -0.830279 0.428628 -1.319970
459 0.837335 0.566372 1.525164 0.292549 -1.049419
727 0.925672 0.693515 0.884919 0.553978 -1.343598
486 0.057476 -0.089556 0.538268 -0.768879 -1.045029
271 0.653064 0.931464 0.483848 1.158484 -1.456525
745 -1.151224 -0.134649 -0.001354 -0.759493 -1.027464
831 1.008138 1.019081 0.879598 -0.314675 -0.987207
100 0.749046 -0.051187 0.169548 -0.098879 -1.548379
932 -0.213669 -0.487768 -0.119412 -0.009126 -1.604490
368 -0.450398 0.487395 0.313729 -0.690611 -0.699795
355 -0.461681 0.121795 0.117987 -0.340022 -1.006241
628 -1.238140 0.201996 1.070757 -0.450836 -0.440813
553 1.717824 1.088302 0.908080 -0.737448 -1.581356
280 -0.846400 0.641594 0.214083 0.050765 -0.685542
404 -0.385507 -0.093625 1.398761 -0.447694 -0.636641
893 -1.348320 1.175148 0.512764 -0.586986 -0.303844
135 -0.667235 1.320480 -0.396050 0.001158 -0.816831
219 -0.715345 0.842673 0.653128 0.487505 -0.523874
680 0.339729 0.329627 -0.300947 -1.089638 -1.345373
80 1.095131 0.607870 1.330280 0.136755 -1.263852
503 -0.795059 -0.192934 0.319583 -0.266410 -1.037696
878 -0.141412 -0.222383 0.871457 -0.441763 -0.945154
942 -0.608670 0.020671 0.660916 -0.903162 -0.661270
358 -1.135837 0.776540 1.057853 -0.633987 -0.243768
520 -1.031641 -0.036024 0.609941 -0.424220 -0.713464
931 0.935275 0.962988 0.697261 1.233544 -1.646738
187 0.914253 0.581545 1.464867 0.333367 -1.077070
181 -0.407915 0.332530 -0.742922 0.323298 -1.511668
253 0.753945 1.116745 0.945729 -0.005103 -0.822522
801 0.617071 0.608780 0.525603 0.813078 -1.275931
318 -0.189628 -0.437329 0.862501 -1.294108 -0.946243
921 0.948009 0.722942 1.684358 0.505993 -1.119206
449 0.156450 -0.023387 -0.306692 -0.326075 -1.500879
911 -0.723378 0.046450 0.101878 0.105358 -1.072990
414 -0.744970 0.021991 -0.381934 0.523661 -1.438143
263 0.007984 -0.019851 0.157344 -0.379988 -1.201975
84 -1.263525 1.091716 1.164299 -0.651773 -0.078484
267 0.817488 0.628555 1.276009 0.479393 -1.122609
477 1.313435 1.340271 0.895411 0.530347 -1.474865
654 -1.048698 0.257559 0.172404 -0.262070 -0.821666
672 0.871750 1.103418 1.570170 0.634879 -1.050035
623 -1.177688 1.040930 0.321488 -0.280632 -0.440155
193 1.102634 1.628045 1.063963 0.199563 -1.164783
401 -0.735633 0.751398 -0.211606 -0.467723 -0.840177
675 -0.365637 0.991683 -0.787050 -0.194155 -1.169447
910 -0.723085 1.107654 0.015506 -0.588773 -0.550034
86 -0.449170 1.228033 -0.830851 -1.115742 -1.043329
730 -0.892677 0.640114 0.062002 -0.785561 -0.686937
943 0.064225 -0.078957 0.443404 -0.386324 -1.107309
462 -1.380351 0.937472 0.680688 -0.847122 -0.273316
442 -1.365958 0.901326 1.295446 -0.886608 -0.112802
92 -0.772371 -0.003362 0.130502 -0.157761 -1.021646
24 -0.508747 -0.686142 0.874094 -0.382894 -1.134290
564 -0.016211 -0.311281 0.202282 -1.034778 -1.298293
124 -0.778808 -0.029142 0.715371 -0.919481 -0.635822
890 0.598495 0.662289 1.034958 0.561181 -1.041087
427 -1.184298 0.921819 0.069414 -0.072168 -0.616049
97 0.964962 1.165582 0.830704 0.653393 -1.220319
759 1.137048 1.251789 0.418322 0.135458 -1.357874
622 0.720337 0.381766 0.752616 -0.194789 -1.119104
350 -0.833249 0.735888 -0.409462 -0.184079 -0.976793
421 1.001039 1.245886 0.560506 0.213479 -1.211071
850 -0.561890 -0.375779 -0.113590 0.105866 -1.467974
548 0.055081 -0.561190 -0.050841 0.432264 -1.798783
702 -0.091041 0.441873 -0.199727 -1.164160 -1.040625
577 -1.303389 1.169025 0.785030 -0.539474 -0.195329
195 0.868175 1.124618 0.724386 1.279230 -1.570811
663 -1.144222 -0.329004 0.097876 -0.406223 -1.120727
798 -0.889188 1.164291 -0.244339 -0.185730 -0.702913
816 0.568293 0.220333 1.102952 -0.094613 -0.970388
12 1.034422 1.507589 0.724883 -0.081455 -0.977431
546 -1.247858 0.257211 1.159050 -0.949346 -0.369690
185 1.178565 1.366767 0.369949 -0.154784 -1.235915
51 1.504644 0.959522 0.748813 -0.483567 -1.503577
378 -0.986912 0.178378 0.159790 0.337603 -0.973019
696 -0.909739 0.997410 -0.262125 -0.177033 -0.760686
768 -0.788901 0.057820 0.860112 -1.075024 -0.538316
117 -0.780903 1.497347 -0.773979 -1.248171 -0.893055
479 0.286190 -0.322274 0.564542 -0.752524 -1.225204
29 -1.024777 0.646671 0.499893 -0.426613 -0.485782
643 0.446274 0.121145 0.682360 -0.416749 -1.004640
375 -1.276864 0.811549 0.232616 0.250747 -0.626852
736 -0.074012 -0.304017 1.978732 -0.415832 -0.734926
657 -0.407923 0.138185 -0.252570 -0.700544 -1.159062
492 -0.711360 0.160992 0.772219 -0.947090 -0.538436
897 -0.609349 0.958633 -0.396330 -0.303202 -0.837226
159 -1.071785 0.657157 -0.041025 -0.568958 -0.722769
778 -0.863294 0.648354 0.355914 -0.354127 -0.589820
939 -0.711956 -0.086417 0.242135 -0.009211 -1.021511
907 0.940770 1.435798 0.655404 0.237623 -1.089727
392 -0.711294 -0.003695 0.157132 0.304892 -1.100852
58 1.051973 0.976880 0.822439 0.721057 -1.460495
314 -0.810210 0.129692 0.829019 -0.957794 -0.485997
732 -0.520025 -0.422165 1.862707 -0.665706 -0.648085
294 -0.448476 -0.306134 1.053169 -0.549123 -0.835546
598 0.472882 -0.527517 0.498571 -0.530597 -1.528864
817 -0.516880 0.298702 0.116642 -0.234649 -0.902326
783 -1.046085 0.960335 -0.036495 -0.146940 -0.610961
779 -1.191179 0.546826 1.050760 -0.743517 -0.322404
641 -0.585045 0.634308 0.027417 -0.015144 -0.823843
453 -0.545132 0.005362 0.404272 -0.269003 -0.910320
122 0.362097 0.043534 0.661247 0.777227 -1.382308
859 1.031261 1.136968 1.570995 0.036014 -0.971597
782 -0.594470 0.231570 -0.046708 0.032157 -1.061047
69 -1.176604 1.183187 0.325412 -0.249790 -0.396052
565 -0.772089 0.749411 0.202166 0.357483 -0.747367
485 -0.896125 0.023931 0.326685 -0.515264 -0.839817
349 -1.267121 1.044585 0.382240 -0.477676 -0.340145
218 0.222668 -0.565909 0.317341 -0.390969 -1.488580
431 -1.106968 1.004146 -0.470178 -0.012800 -0.898752
42 -0.917753 0.243781 0.277220 -0.512323 -0.799496
707 -0.914224 0.688580 0.065759 -0.554775 -0.666099
14 -0.574326 0.661386 -0.207129 -0.153583 -0.929894
281 -1.137486 0.479852 1.148668 -0.854260 -0.320503
342 -1.038233 1.230358 -0.134616 0.255217 -0.694972
27 0.714833 1.194141 0.245616 0.106565 -1.092498
621 0.776189 0.836480 0.867259 0.538386 -1.170404
784 0.729466 0.817431 0.924531 0.328541 -1.001409
619 -1.189648 0.803665 0.157173 -0.296893 -0.626221
215 1.094667 1.029965 0.786056 0.953377 -1.588022
839 -0.457476 0.008758 0.005724 0.209704 -1.203132
902 -0.071759 1.159204 0.576557 0.109895 -0.522753
695 -0.966656 0.428014 0.050996 -0.284157 -0.812641
827 -0.224616 0.002864 0.224386 0.399152 -1.212470
316 -0.763120 1.123555 -0.118403 -0.085683 -0.691408
303 0.232374 0.191251 0.613047 0.631668 -1.166014
814 -1.065692 1.152313 0.092472 -0.407794 -0.432370
507 -0.573870 0.332749 0.411157 -0.029518 -0.734645
891 0.553392 0.639647 0.352278 0.552594 -1.228477
514 1.008533 1.224073 1.095862 0.552408 -1.253616
961 -0.729833 0.933381 -0.153475 -0.005609 -0.800000
835 0.574806 0.306702 0.681991 0.182492 -1.139800
511 -0.213392 -0.212611 0.196809 0.106004 -1.317002
925 1.059956 1.275061 1.160143 0.402532 -1.191911
803 -0.966146 0.908674 0.556257 -0.436085 -0.381863
766 1.127306 1.187992 1.146249 0.337713 -1.235153
425 -0.327353 0.369133 -0.033394 -0.442513 -0.934915
170 -0.761479 0.588590 0.357381 -0.020393 -0.646737
123 -0.046085 -0.129473 0.344865 -0.455303 -1.146617
344 -0.761034 0.068054 0.654053 -0.206624 -0.748648
298 0.630217 0.473617 0.315682 0.549761 -1.385860
658 0.689130 0.408986 0.292921 0.370301 -1.400732
509 1.063181 0.982839 1.271717 0.478951 -1.188663
899 0.943919 0.835902 1.275729 0.519379 -1.203022
272 -0.905421 0.501816 0.533240 0.027689 -0.614647
653 -0.319147 -0.314254 0.593511 -0.542685 -1.051344
834 0.936543 0.929475 1.250265 0.289820 -1.073946
447 -0.412863 0.501982 -0.218547 -0.364575 -0.955172
37 -0.583185 0.485951 0.265588 -0.195458 -0.758961
347 -0.050955 -0.204071 0.307029 -0.304358 -1.243247
506 -0.500184 0.357348 0.382473 -0.229989 -0.744257
661 -0.911101 0.601343 0.151945 -0.064690 -0.716693
787 0.063521 -0.196154 0.683607 -0.688621 -0.984391
776 -0.176436 -0.166057 0.624257 -0.689498 -0.910366
43 0.621190 0.794394 0.834952 0.152464 -0.891896
551 0.468582 0.480244 0.669618 0.020540 -0.972580
573 0.900424 1.008857 0.857296 0.381370 -1.149574
300 0.838487 1.082059 0.665392 0.203165 -1.005689
820 0.634662 0.630052 1.115330 0.271574 -0.888469
560 -0.720923 0.690755 0.544189 -0.522576 -0.515624
844 0.561578 0.601815 0.817959 0.118425 -0.912938
810 -0.441108 0.431189 0.014806 -0.427642 -0.843815
3 -0.575468 0.329128 0.458278 -0.267161 -0.735828
764 0.938810 1.064899 0.985840 0.461411 -1.184173
513 0.462650 1.024652 0.667037 0.054549 -0.782577
213 -0.263070 0.418855 -0.064739 0.004998 -1.083774
677 -0.556654 0.583784 0.184091 0.034917 -0.775313
306 -0.647264 0.609538 -0.062790 -0.487268 -0.824902
840 -0.600342 0.656689 -0.171940 0.012587 -0.925565
862 -0.324182 -0.040162 0.483051 -0.373905 -0.987076
289 0.001111 0.279070 0.341506 0.162566 -1.062098
380 -0.065654 0.220438 0.376225 -0.583587 -0.937344
33 -0.656802 0.620675 0.285696 0.004690 -0.706177
684 -0.645266 0.340089 0.661878 -0.612912 -0.596417
346 -0.398821 0.468253 0.039035 -0.171414 -0.948389
133 -0.472221 0.286835 0.380400 -0.266647 -0.772979
533 -0.485201 0.463202 0.353190 -0.066053 -0.678663
724 -0.497809 0.392791 -0.201901 0.081281 -1.112648
397 0.702153 0.888019 0.698940 0.478296 -1.058115
62 -0.248358 0.309654 0.300977 -0.290253 -0.878241
588 -0.582932 0.622767 0.331670 -0.257232 -0.693400
881 0.398581 0.555857 0.683357 0.516231 -0.987775
224 -0.693108 0.466669 0.352395 -0.223302 -0.671805
665 0.039547 0.334767 0.444453 -0.324707 -0.901188
